"subject id","group","activity","mean-X","mean-Y","mean-Z","std-X","std-Y","std-Z","mad-X","mad-Y","mad-Z","max-X","max-Y","max-Z","min-X","min-Y","min-Z","sma","energy-X","energy-Y","energy-Z","iqr-X","iqr-Y","iqr-Z","entropy-X","entropy-Y","entropy-Z","arCoeff-X,1","arCoeff-X,2","arCoeff-X,3","arCoeff-X,4","arCoeff-Y,1","arCoeff-Y,2","arCoeff-Y,3","arCoeff-Y,4","arCoeff-Z,1","arCoeff-Z,2","arCoeff-Z,3","arCoeff-Z,4","correlation-X,Y","correlation-X,Z","correlation-Y,Z"
1,"train","laying",0.2216,-0.0405,-0.1132,-0.9281,-0.8368,-0.8261,-0.9321,-0.8409,-0.8218,-0.9062,-0.5016,-0.7026,0.7431,0.5849,0.7577,-0.842,-0.9835,-0.9481,-0.9052,-0.9399,-0.8772,-0.8232,-0.3722,-0.4912,-0.402,0.043,0.0052,-0.0323,0.1466,0.176,-0.1043,0.1842,0.0105,0.2091,-0.1219,0.0905,0.0024,-0.0409,-0.0093,-0.0234
1,"train","sitting",0.2612,-0.0013,-0.1045,-0.9772,-0.9226,-0.9396,-0.9795,-0.9197,-0.9388,-0.9275,-0.5174,-0.7864,0.8203,0.6828,0.8222,-0.9457,-0.9975,-0.9899,-0.9868,-0.9832,-0.932,-0.9429,-0.5941,-0.3994,-0.5213,0.1525,-0.0594,0.041,-0.0041,0.1687,-0.1291,0.1851,-0.117,0.2589,-0.1171,0.0851,-0.0227,-0.4029,-0.2012,0.1183
1,"train","standing",0.2789,-0.0161,-0.1106,-0.9958,-0.9732,-0.9798,-0.9961,-0.9718,-0.9793,-0.9393,-0.5609,-0.8128,0.8489,0.685,0.8377,-0.9844,-0.9999,-0.9993,-0.999,-0.9962,-0.9735,-0.9786,-0.6537,-0.5627,-0.5895,0.2974,-0.1455,0.1136,0.0807,0.1853,-0.1383,0.1903,-0.0158,0.2799,-0.1279,0.1168,-0.1039,0.1284,-0.0054,0.2883
1,"train","walking",0.2773,-0.0174,-0.1111,-0.2837,0.1145,-0.26,-0.3407,0.0618,-0.2501,-0.1031,-0.0557,-0.2553,0.1196,-0.0212,0.4374,-0.1258,-0.7395,-0.7582,-0.7477,-0.4243,-0.2994,-0.2525,0.3586,0.4372,0.0424,-0.335,0.3484,-0.1492,0.0799,-0.1674,0.175,0.1678,-0.0514,-0.1189,0.1673,0.0026,-0.2752,-0.1437,-0.1912,0.3802
1,"train","walking downstairs",0.2892,-0.0099,-0.1076,0.03,-0.0319,-0.2304,-0.0441,-0.1074,-0.212,0.389,-0.0953,-0.3167,0.0157,-0.0437,0.3046,0.008,-0.4631,-0.8129,-0.7243,-0.2248,-0.399,-0.2058,0.2367,0.3762,0.1697,-0.3949,0.3676,-0.31,0.2763,-0.1214,0.1553,0.0867,0.0377,0.0804,0.0878,0.0292,-0.2914,-0.4542,-0.2255,0.0757
1,"train","walking upstairs",0.2555,-0.024,-0.0973,-0.3547,-0.0023,-0.0195,-0.4028,0.0077,0.036,-0.1594,-0.1027,-0.1605,0.2382,0.144,0.4416,-0.0968,-0.7885,-0.8047,-0.5659,-0.4962,-0.1921,0.0722,0.4312,0.3273,-0.0065,-0.5244,0.4386,-0.2398,0.1343,-0.3274,0.2266,0.04,0.0368,-0.4687,0.3076,-0.1686,0.0138,-0.3874,-0.177,0.1616
2,"test","laying",0.2814,-0.0182,-0.1072,-0.9741,-0.9803,-0.9842,-0.9766,-0.981,-0.9848,-0.9188,-0.5629,-0.8112,0.8213,0.6839,0.839,-0.9777,-0.9987,-0.9996,-0.9993,-0.98,-0.9851,-0.9845,-0.3652,-0.6489,-0.5319,0.0543,-0.0342,-0.011,0.0753,0.2989,-0.1714,0.2356,-0.0245,0.3643,-0.1591,0.1761,-0.1244,0.0399,-0.1998,-0.2485
2,"test","sitting",0.2771,-0.0157,-0.1092,-0.9868,-0.9507,-0.9598,-0.9886,-0.9515,-0.9589,-0.9267,-0.5444,-0.8006,0.8394,0.674,0.8263,-0.967,-0.9992,-0.9965,-0.9941,-0.9915,-0.9626,-0.9582,-0.607,-0.457,-0.4156,0.2748,-0.1235,0.082,0.1142,0.1766,-0.1242,0.2014,-0.0446,0.1915,-0.1008,0.0377,-0.0398,-0.1599,-0.2682,0.2565
2,"test","standing",0.2779,-0.0184,-0.1059,-0.9873,-0.9573,-0.9497,-0.9893,-0.9575,-0.9476,-0.9263,-0.5496,-0.7878,0.8337,0.6734,0.8287,-0.9654,-0.9997,-0.9989,-0.9946,-0.9916,-0.9656,-0.9486,-0.528,-0.5056,-0.4461,0.248,-0.0757,0.0368,0.0377,0.0669,-0.0573,0.1761,-0.0925,0.1824,-0.1191,0.1283,-0.1385,0.2819,0.0665,0.3846
2,"test","walking",0.2764,-0.0186,-0.1055,-0.4236,-0.0781,-0.4253,-0.461,-0.1202,-0.4101,-0.2686,-0.114,-0.3765,0.3487,0.0516,0.5278,-0.2892,-0.8307,-0.8333,-0.8468,-0.5404,-0.3922,-0.4088,0.3468,0.3849,0.152,-0.2459,0.3032,-0.2104,0.1058,-0.1701,0.2882,-0.0588,0.0073,-0.1707,0.2122,-0.0553,-0.1121,-0.264,-0.0251,0.3686
2,"test","walking downstairs",0.2776,-0.0227,-0.1168,0.0464,0.2629,-0.1028,-0.0627,0.207,-0.1182,0.5142,0.1662,-0.2332,0.1524,-0.1531,0.165,0.1068,-0.4428,-0.6867,-0.6175,-0.3575,-0.1445,-0.1916,0.0786,0.3887,0.2353,-0.2364,0.2219,-0.1777,0.2494,-0.1116,0.1234,0.1068,0.0589,-0.0413,0.0965,0.0416,-0.0689,-0.6351,-0.2479,0.1627
2,"test","walking upstairs",0.2472,-0.0214,-0.1525,-0.3044,0.108,-0.1121,-0.3611,0.1132,-0.1513,0.0556,-0.0524,-0.3405,0.2474,0.0018,0.1661,-0.0909,-0.7526,-0.7588,-0.6168,-0.4861,-0.0948,-0.2848,0.2363,0.296,0.1092,-0.2101,0.2216,-0.2738,0.3006,-0.1538,0.1506,0.0156,0.038,-0.2001,0.1025,-0.0368,0.065,-0.4316,-0.4116,0.1815
3,"train","laying",0.2755,-0.019,-0.1013,-0.9828,-0.9621,-0.9637,-0.9853,-0.9651,-0.966,-0.9201,-0.5504,-0.7927,0.8328,0.67,0.8278,-0.9714,-0.9996,-0.999,-0.997,-0.9884,-0.9748,-0.9708,-0.4819,-0.5693,-0.4055,0.0474,0.0362,-0.0879,0.1488,0.1682,-0.0546,0.1491,0.0561,0.2175,-0.1243,0.159,-0.1248,-0.0577,-0.1986,-0.3761
3,"train","sitting",0.2572,-0.0035,-0.0984,-0.971,-0.8566,-0.8751,-0.9741,-0.8556,-0.8679,-0.9186,-0.4761,-0.7476,0.8088,0.6497,0.7967,-0.8945,-0.9967,-0.9793,-0.9638,-0.98,-0.8854,-0.8652,-0.5325,-0.3118,-0.2701,0.1454,-0.0119,0.0343,0.0399,0.0146,-0.003,0.1222,-0.0092,0.0944,-0.0844,0.1296,-0.1381,-0.1737,-0.1958,0.3076
3,"train","standing",0.28,-0.0143,-0.1016,-0.9667,-0.8934,-0.9114,-0.9738,-0.8965,-0.9067,-0.8933,-0.496,-0.7574,0.8001,0.644,0.8125,-0.9276,-0.9985,-0.9951,-0.9853,-0.9824,-0.9186,-0.8998,-0.3266,-0.3191,-0.3533,0.0094,0.0775,-0.0578,0.1488,-0.0707,-0.0062,0.1485,0.0424,0.0304,-0.007,0.052,-0.0949,0.1745,-0.1918,0.1472
3,"train","walking",0.2756,-0.0172,-0.1127,-0.3604,-0.0699,-0.3874,-0.4091,-0.0874,-0.3922,-0.055,-0.0993,-0.4865,0.3184,0.0225,0.3704,-0.2454,-0.7904,-0.8304,-0.8262,-0.5199,-0.2936,-0.4224,0.2494,0.3262,0.1899,-0.3196,0.2679,-0.0214,-0.027,-0.1353,0.1781,0.1815,-0.2717,-0.2598,0.2728,0.037,-0.2831,-0.2106,-0.3001,0.4391
3,"train","walking downstairs",0.2924,-0.0194,-0.1161,-0.0574,-0.0332,-0.3622,-0.1405,-0.0475,-0.3602,0.4088,-0.0167,-0.3744,0.145,0.0835,0.4156,-0.0731,-0.5412,-0.8115,-0.8059,-0.3356,-0.245,-0.3818,0.1864,0.2845,0.143,-0.2998,0.2302,-0.1444,0.2116,-0.1655,0.2063,0.0215,0.06,-0.1636,0.1622,0.0153,-0.1326,-0.388,-0.1637,0.1585
3,"train","walking upstairs",0.2608,-0.0324,-0.1101,-0.3131,0.0116,-0.3698,-0.359,-0.0045,-0.349,-0.1535,-0.124,-0.3825,0.2231,0.0365,0.5246,-0.1813,-0.7578,-0.7955,-0.8136,-0.4502,-0.2487,-0.3399,0.5202,0.3032,0.0604,-0.4495,0.3482,-0.2588,0.2676,-0.3545,0.329,-0.0864,0.0733,-0.38,0.2928,-0.1301,-0.0695,-0.5568,-0.297,0.3135
4,"test","laying",0.2636,-0.015,-0.1107,-0.9542,-0.9417,-0.9627,-0.9579,-0.9458,-0.9629,-0.9127,-0.5253,-0.7958,0.7953,0.6661,0.8261,-0.9542,-0.9918,-0.9968,-0.9972,-0.9685,-0.9625,-0.9624,-0.3474,-0.5154,-0.4915,0.0148,0.0086,-0.0675,0.0104,0.2569,-0.0647,0.1963,-0.0532,0.2089,-0.0709,0.0498,-0.1098,-0.0785,-0.4241,-0.0481
4,"test","sitting",0.2715,-0.0072,-0.1059,-0.9803,-0.8902,-0.9322,-0.9826,-0.8909,-0.9297,-0.9204,-0.4908,-0.7761,0.8257,0.6555,0.8186,-0.9386,-0.9992,-0.9887,-0.989,-0.9854,-0.9129,-0.9298,-0.4414,-0.2951,-0.3797,0.1609,-0.0148,0.0368,9e-04,0.0291,0.0334,0.0559,-0.0274,0.1243,-0.085,0.0425,-0.0972,-0.2194,-0.3957,0.1693
4,"test","standing",0.2805,-0.0095,-0.0962,-0.9769,-0.8616,-0.8969,-0.9795,-0.8599,-0.89,-0.9101,-0.4816,-0.7563,0.8285,0.6413,0.8076,-0.9106,-0.9987,-0.9859,-0.9744,-0.9827,-0.883,-0.883,-0.4207,-0.3035,-0.2905,0.179,-0.0337,0.036,0.0029,-0.0439,0.0418,0.0609,-0.02,0.1339,-0.0953,0.0822,-0.2193,0.0607,-0.3434,0.1061
4,"test","walking",0.2786,-0.0148,-0.1114,-0.4408,-0.0788,-0.5863,-0.4632,-0.0882,-0.5779,-0.2741,4e-04,-0.5084,0.3853,0.1894,0.6428,-0.3288,-0.8412,-0.8329,-0.9177,-0.5029,-0.2686,-0.5908,0.3884,0.2994,-0.0302,-0.3358,0.3665,-0.1865,0.092,-0.2463,0.2494,-0.013,0.0966,-0.1832,0.1591,-0.0802,0.0569,0.1793,0.1182,0.1862
4,"test","walking downstairs",0.28,-0.0098,-0.1068,0.0112,-0.2186,-0.4792,-0.0417,-0.2726,-0.4807,0.3155,-0.0809,-0.3727,0.0512,0.1183,0.5673,-0.1113,-0.4734,-0.8759,-0.871,-0.1376,-0.4819,-0.506,0.4021,0.2725,0.1318,-0.3356,0.3168,-0.4643,0.5464,-0.0534,0.2035,-0.0348,0.1137,-0.0875,0.1749,-0.1593,0.0381,-0.3398,0.3924,-0.0247
4,"test","walking upstairs",0.2709,-0.032,-0.1142,-0.2049,-0.0667,-0.3721,-0.3082,-0.1046,-0.3522,0.0552,-0.0905,-0.3675,0.1388,0.0745,0.5885,-0.1796,-0.6792,-0.8262,-0.816,-0.4955,-0.3515,-0.3839,0.4166,0.2674,-0.0784,-0.4931,0.3778,-0.2515,0.2527,-0.2185,0.2169,-0.0486,0.156,-0.2373,0.1972,-0.2157,0.1038,-0.302,0.1695,-0.0936
5,"train","laying",0.2783,-0.0183,-0.1079,-0.9659,-0.9693,-0.9686,-0.9691,-0.9715,-0.9672,-0.9167,-0.5513,-0.8043,0.8098,0.6768,0.8316,-0.9671,-0.9971,-0.9994,-0.9983,-0.9753,-0.9784,-0.9652,-0.3773,-0.5557,-0.4593,0.1197,-0.0657,-0.0584,0.1536,0.347,-0.0622,0.1651,0.0156,0.1946,-0.067,0.0469,-0.1446,5e-04,0.0665,-0.0728
5,"train","sitting",0.2737,-0.0099,-0.1085,-0.9809,-0.9043,-0.9261,-0.9838,-0.9046,-0.9247,-0.9206,-0.5054,-0.7766,0.8244,0.6613,0.8082,-0.941,-0.9994,-0.9907,-0.9918,-0.9872,-0.926,-0.9247,-0.4329,-0.3425,-0.4025,0.0269,0.0694,0.074,-0.0122,0.0083,0.0494,0.1231,-0.0304,0.0327,-0.0141,0.0962,-0.1735,-0.2426,-0.3458,0.0965
5,"train","standing",0.2825,-0.007,-0.1022,-0.9686,-0.8694,-0.8693,-0.9741,-0.8711,-0.866,-0.8922,-0.4771,-0.7454,0.8144,0.6438,0.7747,-0.9086,-0.9983,-0.9877,-0.9746,-0.9807,-0.8978,-0.8696,-0.3582,-0.2559,-0.2607,0.069,0.0528,0.0641,-0.0232,0.0076,-0.0235,0.2129,-0.1507,0.053,-0.0471,0.1311,-0.2228,-0.1044,-0.4567,0.0594
5,"train","walking",0.2778,-0.0173,-0.1077,-0.2941,0.0767,-0.457,-0.3242,0.0213,-0.4176,-0.1444,0.0737,-0.4992,0.2177,0.0634,0.5406,-0.1751,-0.7392,-0.7734,-0.8621,-0.3669,-0.3032,-0.3588,0.4097,0.3079,0.1678,-0.472,0.4116,-0.2111,0.1365,-0.2922,0.2472,0.1016,-0.0261,-0.2283,0.223,0.076,-0.2942,0.1072,-0.0913,0.3829
5,"train","walking downstairs",0.2935,-0.0085,-0.1003,0.275,0.0908,-0.3259,0.2025,0.0134,-0.3284,0.524,0.2015,-0.3461,-0.0869,-0.034,0.3489,0.1459,-0.1784,-0.7612,-0.7891,0.0434,-0.2917,-0.3616,0.2888,0.316,0.208,-0.3956,0.2282,-0.0668,0.1892,-0.1323,0.1199,0.2626,-0.0656,-0.213,0.2007,0.0782,-0.2526,-0.205,0.0105,0.349
5,"train","walking upstairs",0.2685,-0.0325,-0.1075,-0.0457,0.185,-0.3089,-0.117,0.1905,-0.2911,0.1702,0.0318,-0.3394,0.0814,-0.0148,0.4314,0.0257,-0.5385,-0.7219,-0.7791,-0.2507,-0.0238,-0.297,0.4174,0.2563,0.065,-0.5179,0.3669,-0.1054,0.0732,-0.2934,0.1917,0.1411,-0.0037,-0.3193,0.2985,-0.1414,-0.1545,-0.2455,-0.0011,0.2922
6,"train","laying",0.2487,-0.0103,-0.1331,-0.934,-0.9246,-0.9252,-0.9382,-0.93,-0.9236,-0.8985,-0.5047,-0.79,0.7626,0.6598,0.7885,-0.9176,-0.9796,-0.9923,-0.9871,-0.9447,-0.9498,-0.9236,-0.2946,-0.3986,-0.5261,-0.133,0.1338,-0.0099,-0.0251,0.2173,-0.0543,0.2921,-0.0593,0.1465,-0.027,0.05,-0.1998,0.0113,-0.2623,-0.1296
6,"train","sitting",0.2768,-0.0146,-0.1101,-0.9802,-0.9237,-0.9258,-0.9842,-0.9286,-0.9285,-0.914,-0.5183,-0.7699,0.8227,0.6559,0.7935,-0.9503,-0.9995,-0.9962,-0.9933,-0.989,-0.9524,-0.9337,-0.4399,-0.3577,-0.3065,0.0554,0.0876,0.0469,0.0713,0.0038,0.0482,0.1844,-0.1264,0.0287,0.0265,0.0558,-0.133,-0.0037,-0.2452,0.0183
6,"train","standing",0.2803,-0.0181,-0.1122,-0.9818,-0.9215,-0.9257,-0.9853,-0.9239,-0.9249,-0.9147,-0.5197,-0.7776,0.8258,0.654,0.8014,-0.946,-0.9994,-0.9972,-0.992,-0.9888,-0.9402,-0.9287,-0.4561,-0.3757,-0.3493,0.1587,-0.0095,0.1157,0.018,-0.0779,0.0238,0.21,-0.1222,0.0167,0.0055,0.0927,-0.2545,0.1323,-0.1724,0.2266
6,"train","walking",0.2837,-0.0169,-0.1103,-0.2965,0.1642,-0.5043,-0.3649,0.147,-0.5013,-0.0142,0.1331,-0.4473,0.036,-0.0027,0.5023,-0.187,-0.7485,-0.7352,-0.8813,-0.4841,-0.1406,-0.5092,0.3854,0.375,0.1056,-0.2825,0.2989,-0.1401,0.113,-0.2792,0.2453,0.1245,-0.1486,0.0138,0.1122,0.0493,-0.1423,-0.2122,-0.3263,0.3664
6,"train","walking downstairs",0.277,-0.0195,-0.1072,0.3837,0.3602,-0.3202,0.3116,0.2589,-0.3382,0.6016,0.2134,-0.2803,-0.1255,-0.2768,0.3234,0.2726,-0.0375,-0.6375,-0.7648,0.1354,-0.1646,-0.3823,0.3043,0.3775,0.1443,-0.3554,0.2279,-0.135,0.2539,-0.1656,0.1132,0.3161,-0.1641,0.1589,0.0494,0.1098,-0.0936,-0.4751,-0.2487,0.1291
6,"train","walking upstairs",0.2682,-0.0272,-0.1221,-0.0501,0.1893,-0.3535,-0.1162,0.1449,-0.3546,0.2667,4e-04,-0.3302,0.1395,-0.1116,0.4118,-0.0048,-0.5458,-0.723,-0.7989,-0.2868,-0.1598,-0.3784,0.1456,0.3556,0.0835,-0.5096,0.35,-0.0771,0.0989,-0.2658,0.1584,0.2689,-0.2054,-0.2382,0.1628,0.1693,-0.2255,-0.2787,-0.2219,0.057
7,"train","laying",0.2502,-0.0204,-0.1014,-0.9365,-0.9263,-0.953,-0.9387,-0.9268,-0.9558,-0.9057,-0.5366,-0.7767,0.7775,0.6564,0.8266,-0.9354,-0.989,-0.9942,-0.9936,-0.9437,-0.9437,-0.962,-0.1804,-0.4963,-0.4219,-0.1156,-0.0291,-0.0042,0.0798,0.0714,-0.0863,0.1631,-0.0442,0.2273,-0.0812,0.1375,-0.1663,0.5551,-0.5131,-0.4844
7,"train","sitting",0.2847,-0.0146,-0.1225,-0.9727,-0.9095,-0.8565,-0.9757,-0.9093,-0.8468,-0.9069,-0.5277,-0.7538,0.8327,0.655,0.779,-0.9198,-0.997,-0.993,-0.9522,-0.9825,-0.9333,-0.8382,-0.4786,-0.4242,-0.3373,0.0971,0.0241,-0.0077,0.0863,0.0857,-0.0719,0.1571,-0.0103,0.0218,-0.0317,0.0506,-0.1002,-0.2186,-0.3538,0.4216
7,"train","standing",0.2827,-0.0146,-0.0998,-0.9793,-0.9234,-0.9171,-0.9826,-0.9243,-0.9154,-0.9177,-0.5279,-0.764,0.8236,0.6607,0.8077,-0.9422,-0.9994,-0.9966,-0.9892,-0.9866,-0.9394,-0.9112,-0.3483,-0.3665,-0.2913,0.0483,0.0134,-0.0534,0.3026,-0.0571,0.0066,0.1618,-0.1252,-0.0153,0.0152,0.0379,-0.1573,0.0173,-0.0477,0.3583
7,"train","walking",0.2756,-0.0187,-0.1109,-0.3272,-0.0773,0.1596,-0.3381,-0.1367,0.1525,-0.13,-0.1717,-0.2591,0.3382,0.0478,0,-0.0657,-0.7673,-0.8265,-0.3909,-0.3563,-0.445,0.0362,0.2465,0.3742,0.3568,-0.3775,0.2915,-0.1092,0.1076,0.0108,0.0252,0.3154,-0.088,-0.1446,0.1532,0.069,-0.1192,-0.28,-0.195,0.6021
7,"train","walking downstairs",0.2803,-0.0166,-0.0969,0.0661,-0.1382,-0.0636,-0.0304,-0.201,-0.1236,0.4938,-0.1048,-0.3949,0.1941,0.1027,0.0373,0.0145,-0.4153,-0.8467,-0.5803,-0.3314,-0.4531,-0.3611,0.0436,0.2703,0.4239,-0.3873,0.2704,-0.0695,0.1459,-0.2157,0.2011,0.0268,0.0907,-0.2531,0.3025,-0.2184,0.1537,-0.4843,-0.6447,0.437
7,"train","walking upstairs",0.2487,-0.0276,-0.1438,-0.2949,-0.3262,-0.1457,-0.3374,-0.3436,-0.1352,-0.1332,-0.2259,-0.4011,0.3526,0.2701,0.2434,-0.1974,-0.7451,-0.9082,-0.655,-0.4372,-0.5066,-0.1577,0.1539,0.1593,0.2034,-0.3812,0.2203,-0.0936,0.2709,-0.3028,0.2518,0.0487,-0.0879,-0.4241,0.2527,-0.0479,0.0229,-0.2354,-0.2695,0.3544
8,"train","laying",0.2613,-0.0212,-0.1022,-0.943,-0.9349,-0.9325,-0.9454,-0.9322,-0.9317,-0.901,-0.5488,-0.7608,0.7862,0.6606,0.8184,-0.9322,-0.9904,-0.9942,-0.983,-0.9489,-0.9398,-0.9336,-0.2768,-0.5022,-0.4465,0.0231,-0.0256,-0.0251,0.0993,0.1606,-0.1358,0.1763,0.0454,0.2576,-0.1311,0.1391,-0.0506,0.3967,-0.3622,-0.4152
8,"train","sitting",0.2675,-0.0067,-0.1045,-0.979,-0.9273,-0.9396,-0.9805,-0.9239,-0.9368,-0.9272,-0.5243,-0.7807,0.8256,0.6777,0.8275,-0.9508,-0.9985,-0.9888,-0.989,-0.9826,-0.932,-0.9392,-0.5282,-0.4424,-0.4197,0.1187,-0.1054,0.0835,0.0386,0.1852,-0.1477,0.1838,-4e-04,0.1568,-0.0922,0.094,-0.1186,-0.4171,-0.3071,0.2241
8,"train","standing",0.2796,-0.0148,-0.1061,-0.9888,-0.9385,-0.9261,-0.9903,-0.9383,-0.9202,-0.9301,-0.5362,-0.7832,0.8411,0.671,0.8152,-0.9555,-0.9995,-0.9963,-0.9733,-0.9928,-0.9508,-0.9138,-0.588,-0.4898,-0.3826,0.2231,-0.0946,0.0565,0.1205,0.1136,-0.0928,0.1732,0.0199,0.2207,-0.1485,0.2,-0.227,0.0815,0.0514,0.308
8,"train","walking",0.2747,-0.0187,-0.1073,-0.1736,0.3808,-0.1421,-0.2073,0.3003,-0.133,0.0215,0.1724,-0.2957,0.138,-0.2467,0.3063,0.0477,-0.653,-0.6288,-0.6398,-0.2529,-0.0599,-0.1911,0.4496,0.3061,0.1935,-0.4153,0.3042,-0.159,0.2299,-0.1639,0.0894,0.3354,-0.1832,-0.1759,0.1919,0.0082,-0.1473,-0.1205,-0.1947,0.1681
8,"train","walking downstairs",0.2835,-0.0211,-0.1076,0.0241,0.3438,0.1337,-0.0664,0.2811,0.1044,0.3728,0.2736,-0.0536,-0.0907,-0.259,-0.068,0.1894,-0.47,-0.645,-0.4139,-0.2501,-0.0168,0.023,0.3223,0.2733,0.2884,-0.3172,0.3681,-0.2855,0.2355,-0.1457,0.1858,0.0927,-0.0068,-0.1018,0.2561,-0.1452,-0.0381,-0.2772,-0.3056,0.1392
8,"train","walking upstairs",0.2589,-0.0282,-0.1151,-0.1717,0.3488,0.1212,-0.2161,0.319,0.1234,-0.0603,0.2039,-0.1096,0.0856,-0.1645,0.2476,0.1216,-0.6514,-0.6437,-0.4277,-0.2868,0.0241,0.017,0.4389,0.2661,0.084,-0.2947,0.2489,-0.1569,0.1413,-0.2021,0.1697,0.0502,0.0127,-0.1984,0.1248,-0.1139,0.1534,-0.2119,-0.186,0.0608
9,"test","laying",0.2592,-0.0205,-0.1075,-0.9423,-0.9163,-0.9407,-0.9468,-0.9185,-0.9441,-0.8874,-0.5315,-0.7721,0.7835,0.6504,0.8072,-0.9297,-0.9912,-0.997,-0.9957,-0.9554,-0.9364,-0.9522,-0.1657,-0.3777,-0.3734,-0.186,0.0589,0.0199,0.0643,-0.029,-0.0718,0.1842,0.0397,0.1463,-0.0254,0.1633,-0.0146,-0.0995,-0.3931,0.1748
9,"test","sitting",0.2483,-0.027,-0.0754,-0.9572,-0.8751,-0.832,-0.9616,-0.8742,-0.8242,-0.9119,-0.519,-0.6993,0.783,0.6322,0.7891,-0.8884,-0.9941,-0.9878,-0.936,-0.9663,-0.8903,-0.8142,-0.4078,-0.3877,-0.2362,-0.0391,0.1077,-0.0253,0.1548,-0.0412,-0.0454,0.2016,0.0138,-0.082,-0.0019,0.0885,-0.0568,-0.0879,-0.3233,-0.1006
9,"test","standing",0.2823,-0.02,-0.0953,-0.9757,-0.9386,-0.9193,-0.9806,-0.9405,-0.9154,-0.9045,-0.5402,-0.7633,0.821,0.6599,0.8132,-0.9456,-0.9992,-0.9971,-0.9889,-0.9866,-0.954,-0.9112,-0.3709,-0.474,-0.2975,-0.0128,0.045,0.0842,0.1186,0.0941,-0.121,0.2356,-0.0269,-0.0199,0.0162,0.102,-0.2184,-0.0935,-0.1932,-0.0029
9,"test","walking",0.2785,-0.0181,-0.1108,-0.2384,-0.2017,-0.058,-0.274,-0.2124,-0.0142,-0.1062,-0.032,-0.3477,0.2256,0.3127,0.2376,-0.0979,-0.7044,-0.8741,-0.5986,-0.3278,-0.3853,-0.0172,0.3869,0.163,0.283,-0.4348,0.285,0.0795,-0.0349,-0.1254,0.102,0.2239,0.0185,-0.2824,0.2353,-0.0641,0.0051,-0.1951,-0.0484,-0.0467
9,"test","walking downstairs",0.2959,-0.0204,-0.091,0.2134,-0.2083,-0.0077,0.1183,-0.2411,-0.0371,0.5569,-0.0068,-0.3552,0.0997,0.2458,0.0282,0.113,-0.2577,-0.8705,-0.5137,-0.1835,-0.4336,-0.1896,0.1515,0.178,0.3956,-0.3994,0.2194,-0.0239,0.1771,-0.0384,0.1082,-0.0535,0.2954,-0.1239,0.1018,-0.0149,0.0996,-0.0467,-0.6831,-0.001
9,"test","walking upstairs",0.2624,-0.0195,-0.1252,-0.3614,-0.3022,-0.2534,-0.4022,-0.2956,-0.2466,-0.1268,-0.1867,-0.3441,0.3276,0.3142,0.4066,-0.2536,-0.7887,-0.9009,-0.7317,-0.4881,-0.4259,-0.2783,0.3283,0.1808,0.1228,-0.387,0.2393,0.088,0.0258,-0.2932,0.1372,0.2282,-0.1557,-0.3399,0.2117,-0.0518,0.0256,-0.0883,-0.0157,0.1021
10,"test","laying",0.2802,-0.0243,-0.1172,-0.9683,-0.9465,-0.9595,-0.9714,-0.9475,-0.9593,-0.9054,-0.5434,-0.8028,0.8193,0.6645,0.815,-0.9561,-0.9965,-0.9927,-0.9876,-0.9771,-0.9586,-0.9604,-0.4284,-0.5696,-0.5037,-0.0242,0.022,0.1467,-0.084,0.2386,-0.1159,0.1936,0.0648,0.3005,-0.0976,0.1308,-0.1199,-0.0911,-0.1309,0.1986
10,"test","sitting",0.2706,-0.015,-0.1043,-0.9829,-0.918,-0.9678,-0.9843,-0.9162,-0.9681,-0.9306,-0.5302,-0.8002,0.831,0.6658,0.8329,-0.9609,-0.9991,-0.9899,-0.997,-0.9859,-0.9325,-0.9705,-0.5463,-0.5067,-0.4918,0.1671,-0.1077,0.1133,0.0504,0.1332,-0.1335,0.2252,-0.052,0.281,-0.1316,0.1174,-0.0119,-0.0422,-0.1666,-0.066
10,"test","standing",0.2767,-0.0155,-0.108,-0.9784,-0.9196,-0.9413,-0.9844,-0.9253,-0.9419,-0.908,-0.5126,-0.786,0.8107,0.6509,0.8141,-0.9531,-0.9993,-0.9972,-0.9943,-0.99,-0.9451,-0.9455,-0.4385,-0.3673,-0.431,0.2775,-0.0823,0.1656,0.0571,0.0084,-0.0627,0.2711,-0.0949,0.1313,-0.083,0.1167,-0.1305,-0.0787,-0.1001,-0.025
10,"test","walking",0.2786,-0.017,-0.1091,-0.1787,-0.0227,-0.3956,-0.2473,-0.0833,-0.3783,0.0633,0.1027,-0.2523,-0.0069,0.0737,0.5382,-0.1491,-0.6555,-0.81,-0.8296,-0.3354,-0.3559,-0.3709,0.4885,0.214,0.0392,-0.3228,0.2913,-0.1108,0.1645,-0.0082,0.1379,0.0806,-0.0237,0.0856,0.0788,-0.0159,-0.2357,-0.1113,-0.0545,-0.0612
10,"test","walking downstairs",0.2904,-0.02,-0.1108,0.2957,0.0041,-0.1836,0.2381,-0.0267,-0.2039,0.5501,0.0479,-0.0126,-0.1565,0.1301,0.29,0.1898,-0.1555,-0.7961,-0.6906,0.1063,-0.2782,-0.2602,0.343,0.2216,0.1272,-0.3541,0.3051,-0.2907,0.3733,-0.0152,0.0432,0.1251,0.1868,0.1063,0.0817,-0.1073,-0.0553,-0.1405,0.0563,-0.0942
10,"test","walking upstairs",0.2671,-0.0144,-0.1182,-0.1616,-0.0056,-0.0739,-0.2151,-0.0166,-0.0834,0.1051,0.0576,-0.116,0.1232,0.1908,0.3478,-0.0269,-0.6415,-0.8051,-0.596,-0.3261,-0.2508,-0.152,0.4198,0.2244,0.0387,-0.3484,0.2891,-0.1805,0.184,-0.1075,0.0796,0.1455,0.0855,-0.2202,0.1322,-0.0625,-0.0043,-0.114,-0.1762,-0.0664
11,"train","laying",0.2806,-0.0177,-0.1088,-0.9848,-0.9722,-0.9713,-0.9868,-0.9743,-0.9736,-0.9252,-0.5571,-0.8031,0.8326,0.6774,0.8291,-0.9798,-0.9994,-0.9993,-0.9983,-0.9887,-0.9808,-0.9791,-0.5376,-0.6029,-0.517,0.1259,-0.0671,0.0373,0.146,0.2362,-0.0827,0.182,0.167,0.2184,-0.0752,0.0806,0.0187,-0.2083,-0.0325,-0.2998
11,"train","sitting",0.2766,-0.0149,-0.1128,-0.9828,-0.9214,-0.9684,-0.9855,-0.9222,-0.9679,-0.9218,-0.5191,-0.8084,0.8296,0.6689,0.8262,-0.963,-0.9996,-0.9938,-0.9974,-0.9892,-0.9404,-0.9674,-0.4921,-0.4397,-0.4929,0.1264,-0.0634,0.0851,0.1166,0.0908,-0.0741,0.2296,-0.0789,0.2382,-0.0853,0.1035,-0.0651,-0.0783,-0.0739,-0.1399
11,"train","standing",0.2777,-0.0172,-0.1087,-0.995,-0.9642,-0.9864,-0.996,-0.9642,-0.9865,-0.9368,-0.5545,-0.8151,0.8468,0.6783,0.8399,-0.9852,-0.9999,-0.9992,-0.9997,-0.9966,-0.9709,-0.9854,-0.6668,-0.4999,-0.5585,0.2805,-0.1261,0.1461,0.0502,0.1384,-0.1255,0.2468,-0.0779,0.3019,-0.1193,0.141,-0.1179,0.0951,-0.119,-0.0057
11,"train","walking",0.2718,-0.0166,-0.1061,-0.4228,-0.0522,-0.5306,-0.4564,-0.046,-0.5118,-0.331,-0.1042,-0.4292,0.3212,0.1666,0.6615,-0.2944,-0.8295,-0.8235,-0.896,-0.5305,-0.2394,-0.5159,0.3995,0.3414,0.0501,-0.4399,0.3573,-0.1432,0.1165,-0.1905,0.1354,0.2463,-0.2029,-0.0366,0.0796,0.0509,-0.2936,-0.0907,-2e-04,0.2541
11,"train","walking downstairs",0.2916,-0.0178,-0.1111,0.1425,0.0708,-0.324,0.098,0.011,-0.3111,0.4167,-0.0614,-0.2504,-0.0311,-0.0509,0.5098,0.0918,-0.3402,-0.7745,-0.7862,-0.0123,-0.313,-0.3247,0.2464,0.3896,0.1169,-0.3722,0.255,-0.2414,0.3961,-0.195,0.1525,0.1091,0.09,-0.1406,0.14,0.0177,-0.1804,-0.4807,0.2426,-0.1513
11,"train","walking upstairs",0.2638,-0.0303,-0.1068,-0.2388,-0.1032,-0.2034,-0.2936,-0.1018,-0.1618,-0.0502,-0.1793,-0.2152,0.2159,0.1319,0.5776,-0.1192,-0.7069,-0.8401,-0.7103,-0.4136,-0.2701,-0.0841,0.3254,0.301,0.0096,-0.4652,0.2401,0.0267,0.0636,-0.2097,0.0783,0.195,-0.0111,-0.3155,0.1323,-0.0696,0.0878,-0.5095,0.0203,-0.0093
12,"test","laying",0.2601,-0.0175,-0.1082,-0.9553,-0.9491,-0.9483,-0.9587,-0.9521,-0.9496,-0.9057,-0.5399,-0.7763,0.7904,0.6665,0.821,-0.9471,-0.9931,-0.9982,-0.9942,-0.9648,-0.9649,-0.9524,-0.2785,-0.4706,-0.4289,-0.0616,0.0541,-0.0047,-0.0158,0.1337,-0.0108,0.1054,0.0879,0.1316,-0.0297,0.0684,-0.1209,0.0474,-0.4131,-0.2924
12,"test","sitting",0.275,-0.0158,-0.1063,-0.9826,-0.9286,-0.9397,-0.985,-0.9283,-0.9387,-0.9201,-0.5304,-0.7833,0.8292,0.6653,0.8185,-0.9528,-0.9996,-0.9972,-0.9957,-0.988,-0.9418,-0.9397,-0.4306,-0.3782,-0.3281,0.0776,0.0683,4e-04,0.088,0.0642,-0.0638,0.2074,-0.0547,0.0541,-0.0547,0.0709,-0.0737,-0.2525,-0.3297,0.2347
12,"test","standing",0.2774,-0.0169,-0.1055,-0.9812,-0.9231,-0.9207,-0.9843,-0.9251,-0.9177,-0.9169,-0.5226,-0.7783,0.8236,0.6569,0.8077,-0.9443,-0.9995,-0.9971,-0.984,-0.9876,-0.9405,-0.9189,-0.4479,-0.3999,-0.3718,0.2258,-0.0748,0.1206,0.0994,0.0049,-0.0471,0.1993,-0.0238,0.129,-0.0783,0.0831,-0.1196,0.1606,-0.0527,0.1764
12,"test","walking",0.2771,-0.0156,-0.1032,-0.1289,-0.1228,-0.4106,-0.1749,-0.1577,-0.4197,0.1467,-0.1303,-0.3972,0.0116,0.1008,0.4172,-0.1399,-0.6149,-0.8474,-0.8313,-0.2763,-0.3903,-0.4604,0.338,0.3141,0.189,-0.3449,0.2825,-0.0439,0.062,-0.1322,0.2251,0.0391,-0.0934,-0.1262,0.2131,0.0086,-0.2446,-0.1581,-0.2936,0.0886
12,"test","walking downstairs",0.2815,-0.0181,-0.1096,0.0424,0.1108,-0.425,-0.0421,0.0415,-0.4575,0.4131,0.1144,-0.4221,0.1296,-0.0946,0.3677,-0.0214,-0.4458,-0.7429,-0.8415,-0.2462,-0.2643,-0.5416,0.1957,0.3249,0.2346,-0.3639,0.3564,-0.3943,0.419,-0.1322,0.1543,0.1454,-0.0084,0.0204,0.1422,-0.0455,-0.0371,-0.4188,-0.351,0.2115
12,"test","walking upstairs",0.273,-0.0264,-0.1073,-0.2901,-0.1038,-0.4367,-0.3423,-0.1477,-0.4328,-0.007,-0.0972,-0.4723,0.3341,0.1247,0.4748,-0.2365,-0.7445,-0.8405,-0.8511,-0.4597,-0.4084,-0.4704,0.1707,0.2503,0.2096,-0.4209,0.3225,-0.1493,0.1412,-0.2353,0.2122,0.0476,-0.052,-0.2032,0.1527,-0.101,0.0368,-0.261,-0.2147,0.1191
13,"test","laying",0.2767,-0.0204,-0.1043,-0.9689,-0.9509,-0.9504,-0.9716,-0.9501,-0.9493,-0.9188,-0.5502,-0.7901,0.8167,0.6713,0.8256,-0.9574,-0.998,-0.9982,-0.9955,-0.9761,-0.956,-0.9507,-0.3768,-0.4959,-0.3944,0.0479,-0.0211,0.0047,-0.0141,0.157,-0.0752,0.1622,-0.0892,0.1652,-0.0396,0.0816,-0.2166,0.2835,-0.4053,-0.48
13,"test","sitting",0.2743,-0.0059,-0.0972,-0.9895,-0.939,-0.9386,-0.9904,-0.9348,-0.935,-0.9344,-0.5324,-0.7782,0.8399,0.6845,0.8285,-0.9584,-0.9996,-0.9925,-0.9769,-0.9914,-0.9432,-0.9315,-0.6191,-0.4376,-0.435,0.2241,-0.1282,0.0975,0.0762,0.1538,-0.1205,0.156,0.0272,0.2047,-0.0986,0.0864,-0.0675,-0.1722,-0.0624,0.2929
13,"test","standing",0.2778,-0.0168,-0.1121,-0.991,-0.9494,-0.9675,-0.9926,-0.9505,-0.9658,-0.9309,-0.5451,-0.807,0.8398,0.6707,0.829,-0.9724,-0.9998,-0.9984,-0.9985,-0.9938,-0.9605,-0.9628,-0.5873,-0.4438,-0.4916,0.1768,-0.0538,0.0809,-0.0177,0.0651,-0.0751,0.185,-0.132,0.1808,-0.0839,0.0571,-0.1881,0.2288,-0.0483,0.2175
13,"test","walking",0.2759,-0.0186,-0.1114,-0.347,0.1419,-0.2205,-0.392,0.1124,-0.2256,-0.137,0.0148,-0.3982,0.2105,0.0283,0.2812,-0.134,-0.7829,-0.7388,-0.7084,-0.4632,-0.1758,-0.2901,0.3636,0.3173,0.2455,-0.3327,0.3006,-0.0545,0.0252,-0.2409,0.2268,0.1457,-0.1032,-0.1109,0.193,0.0012,-0.1697,0.106,-0.0761,0.3665
13,"test","walking downstairs",0.2949,-0.0144,-0.102,-0.0682,-0.0321,-0.1583,-0.1288,-0.0809,-0.2242,0.2275,-0.0138,-0.3058,0.1015,0.0277,0.0612,-0.037,-0.5513,-0.8102,-0.669,-0.2675,-0.3372,-0.3544,0.3068,0.2947,0.2823,-0.4223,0.3355,-0.1325,0.1449,-0.2455,0.2298,0.111,-0.0851,-0.2179,0.2904,-0.0671,-0.1624,-0.4485,-0.4457,0.2145
13,"test","walking upstairs",0.2582,-0.0277,-0.1258,-0.2963,0.1045,-0.2172,-0.341,0.0927,-0.1996,-0.1572,-0.0606,-0.361,0.2246,0.0632,0.3718,-0.1026,-0.7469,-0.7496,-0.7081,-0.4167,-0.1516,-0.2484,0.4626,0.3243,0.1625,-0.4236,0.2831,-0.1983,0.2691,-0.3631,0.2244,0.1093,-0.0385,-0.3441,0.2241,-0.1243,0.0686,-0.2121,-0.1083,0.4157
14,"train","laying",0.2333,-0.0113,-0.0868,-0.9175,-0.9097,-0.9003,-0.9223,-0.91,-0.8963,-0.8892,-0.5118,-0.7427,0.7488,0.6626,0.8136,-0.8992,-0.966,-0.9911,-0.9521,-0.9293,-0.9272,-0.8943,-0.1639,-0.4036,-0.3477,-0.2131,0.0532,0.0876,0.0039,0.0126,-0.1318,0.2604,0.0153,0.069,-0.076,0.2079,-0.1934,0.1861,-0.5867,-0.3736
14,"train","sitting",0.28,-0.0087,-0.1004,-0.9763,-0.9149,-0.9228,-0.979,-0.9176,-0.9204,-0.9139,-0.5107,-0.7658,0.8275,0.6647,0.8176,-0.9426,-0.9986,-0.9914,-0.9842,-0.983,-0.936,-0.921,-0.4122,-0.3474,-0.3507,0.0229,-0.0222,0.1045,0.1715,0.0248,-0.1034,0.2296,0.0677,0.0638,-0.0763,0.1201,-0.0141,0.0676,0.0257,0.2507
14,"train","standing",0.2805,-0.0152,-0.1038,-0.9733,-0.9285,-0.9223,-0.9759,-0.9303,-0.9191,-0.9102,-0.5267,-0.7712,0.8259,0.663,0.8099,-0.942,-0.999,-0.9974,-0.99,-0.9802,-0.9457,-0.9139,-0.3594,-0.3991,-0.3403,-0.0085,-0.0586,0.1071,0.0625,-0.0055,-0.0693,0.2068,-0.0138,0.0636,-0.0615,0.1243,-0.1627,0.3368,0.332,0.3969
14,"train","walking",0.272,-0.0218,-0.1068,-0.4026,-0.0536,0.0519,-0.4418,-0.0635,-0.0034,-0.1928,-0.002,-0.1502,0.4211,0.1679,0.1746,-0.1467,-0.8179,-0.8246,-0.4999,-0.5555,-0.275,-0.1686,0.2,0.1331,0.1071,-0.2358,0.1049,-0.0458,0.2888,-0.1814,0.085,0.1976,-0.0745,-0.2142,0.1435,-0.0989,0.0906,-0.0821,-0.2967,-0.1809
14,"train","walking downstairs",0.2934,-0.02,-0.0928,0.0178,0.3789,0.4516,-0.1028,0.225,0.3837,0.4916,0.1222,-0.0406,0.0997,-0.454,-0.2756,0.2339,-0.4761,-0.6263,-0.0378,-0.3476,-0.204,0.0871,0.2828,0.3915,0.4606,-0.2258,0.096,0.0379,0.2017,-0.0327,0.037,0.1257,0.1848,-0.1196,0.1133,-0.1586,0.2537,-0.6953,-0.6931,0.3853
14,"train","walking upstairs",0.2624,-0.0204,-0.1123,-0.3094,0.3072,0.609,-0.3594,0.2878,0.5426,-0.0757,0.1207,0.314,0.1601,-0.0731,-0.1547,0.1527,-0.7564,-0.6658,0.1607,-0.4457,0.0071,0.3324,0.3416,0.2212,0.1951,-0.2706,0.1225,0.0223,0.1535,-0.2292,0.071,0.1726,2e-04,-0.3173,0.1238,0.0701,-0.025,-0.3159,-0.4802,-0.1791
15,"train","laying",0.2895,-0.0166,-0.1185,-0.9723,-0.9628,-0.9296,-0.9748,-0.9661,-0.9293,-0.9111,-0.5432,-0.7875,0.8227,0.6764,0.8023,-0.955,-0.9981,-0.9988,-0.9878,-0.9782,-0.9767,-0.9343,-0.4581,-0.571,-0.4539,0.0361,-0.0254,0.0421,0.0531,0.2054,-0.0941,0.2385,-0.036,0.1468,-0.0825,0.0741,-0.0597,-0.2224,-0.0733,-0.1432
15,"train","sitting",0.2729,-0.0117,-0.1137,-0.9871,-0.9224,-0.9493,-0.9885,-0.9223,-0.9475,-0.9339,-0.5188,-0.7971,0.833,0.6742,0.8217,-0.9581,-0.9995,-0.9892,-0.9922,-0.9902,-0.9394,-0.9486,-0.5551,-0.501,-0.5241,0.187,-0.0791,0.0682,0.0664,0.1248,-0.0702,0.1484,-0.0126,0.1751,-0.0688,0.0366,-0.0373,-0.3362,-0.0904,0.1698
15,"train","standing",0.2789,-0.0184,-0.1059,-0.9889,-0.9319,-0.9517,-0.9908,-0.9327,-0.9497,-0.9293,-0.5359,-0.7964,0.8382,0.662,0.8233,-0.9624,-0.9998,-0.9972,-0.9947,-0.9926,-0.9473,-0.946,-0.5477,-0.4454,-0.4572,0.23,-0.0736,0.0987,-0.0017,-0.0167,-0.0175,0.1837,-0.081,0.1973,-0.1017,0.0994,-0.1392,0.0826,-0.231,0.1276
15,"train","walking",0.2739,-0.0171,-0.1076,-0.328,0.1389,-0.5189,-0.377,0.1217,-0.5091,-0.0901,-0.0335,-0.3924,0.1943,-0.123,0.597,-0.2023,-0.7683,-0.7456,-0.8879,-0.4875,-0.1273,-0.4929,0.3997,0.3104,0.0918,-0.2304,0.0824,0.0252,0.2199,-0.0727,0.0609,0.1389,0.1224,0.0182,-0.0081,0.0522,0.067,-0.2058,-0.0133,0.0736
15,"train","walking downstairs",0.2802,-0.0056,-0.1105,0.4065,0.1865,-0.282,0.3457,0.0601,-0.3277,0.6179,-0.0588,-0.0813,-0.216,-0.2284,0.4092,0.2437,-0.0049,-0.723,-0.7621,0.1613,-0.3819,-0.4475,0.261,0.4801,0.0171,-0.3314,0.1825,-0.1578,0.3979,-0.1421,0.1283,0.1216,0.0553,0.0559,0.0629,0.114,-0.1471,-0.5196,0.1303,-0.0198
15,"train","walking upstairs",0.2702,-0.0288,-0.117,-0.0261,-0.0041,-0.3797,-0.1139,0.0227,-0.3573,0.2361,-0.0687,-0.3868,0.1091,0.1811,0.559,-0.0357,-0.5214,-0.805,-0.808,-0.2771,-0.0991,-0.3482,0.3938,0.2794,0.0782,-0.4856,0.3257,-0.0788,0.1045,-0.2262,0.1569,0.0525,0.1178,-0.1765,0.0835,-0.0406,0.031,-0.3819,0.0545,-0.1793
16,"train","laying",0.2742,-0.0166,-0.1073,-0.9737,-0.9431,-0.9655,-0.9744,-0.9416,-0.9653,-0.9226,-0.5475,-0.8022,0.8276,0.6702,0.8292,-0.9595,-0.9988,-0.9981,-0.9973,-0.976,-0.9511,-0.968,-0.3455,-0.3873,-0.4441,-0.0538,-0.0237,0.0333,0.111,0.093,-0.1301,0.1894,-0.0914,0.1659,-0.08,0.098,-0.1706,-0.1456,-0.438,-0.1504
16,"train","sitting",0.2808,-0.0102,-0.0891,-0.9868,-0.9516,-0.9397,-0.9881,-0.9527,-0.9374,-0.9274,-0.5378,-0.7765,0.8415,0.6805,0.8268,-0.9614,-0.9988,-0.9961,-0.982,-0.9899,-0.9621,-0.9347,-0.6039,-0.5561,-0.3716,0.1648,-0.0589,0.0641,0.1042,0.1655,-0.0967,0.1642,0.0831,0.1388,-0.0306,0.0317,-0.0917,-0.0164,-0.1114,0.1348
16,"train","standing",0.2835,-0.0166,-0.1037,-0.9891,-0.9603,-0.9535,-0.9901,-0.9604,-0.9516,-0.9303,-0.5522,-0.7943,0.8446,0.6773,0.8292,-0.9689,-0.9992,-0.9984,-0.9936,-0.9911,-0.9693,-0.9491,-0.5741,-0.5575,-0.4525,0.1832,-0.0862,0.0742,0.0223,0.1354,-0.1078,0.2042,-0.0675,0.1175,-0.0642,0.0796,-0.1158,-0.0177,0.1439,-0.0603
16,"train","walking",0.276,-0.0204,-0.1088,-0.4047,-0.3146,-0.1598,-0.4052,-0.3498,-0.1542,-0.3696,-0.1494,-0.3161,0.3318,0.2868,0.2794,-0.2482,-0.8197,-0.9072,-0.6778,-0.4137,-0.5476,-0.2418,0.4023,0.2212,0.3083,-0.4357,0.3437,-0.0777,0.0341,-0.2514,0.2524,-0.0052,0.0426,-0.3823,0.3553,-0.1386,-0.0529,0.0157,-0.2014,0.0359
16,"train","walking downstairs",0.2956,-0.0184,-0.1199,0.2073,-0.147,0.0114,0.1654,-0.1642,-0.0185,0.4399,-0.0128,-0.3813,0.058,0.2271,-0.0797,0.1612,-0.2583,-0.8563,-0.5317,0.0629,-0.3583,-0.1146,0.2374,0.2077,0.3318,-0.3456,0.2021,-0.2325,0.4592,-0.1928,0.1876,0.0896,-0.0013,-0.2775,0.2945,-0.1654,0.0541,-0.1161,-0.6536,0.0854
16,"train","walking upstairs",0.256,-0.0144,-0.1241,-0.3971,-0.1637,-0.1293,-0.4391,-0.1922,-0.1456,-0.2673,0.0307,-0.3458,0.3182,0.2571,0.227,-0.2198,-0.8148,-0.8616,-0.6493,-0.5111,-0.3863,-0.2291,0.3625,0.2123,0.2847,-0.4456,0.3338,-0.2355,0.2653,-0.3144,0.202,0.1503,-0.1019,-0.2958,0.1595,-0.0669,0.1323,-0.078,-0.4505,0.024
17,"train","laying",0.2698,-0.0168,-0.107,-0.973,-0.9448,-0.9535,-0.9752,-0.9438,-0.9515,-0.9212,-0.5408,-0.798,0.8157,0.6741,0.8234,-0.95,-0.9977,-0.9967,-0.9961,-0.9787,-0.9536,-0.951,-0.4927,-0.5053,-0.3924,0.0299,-0.0091,0.0467,-0.1112,0.1268,-0.1222,0.2266,-0.22,0.0782,-0.0555,0.099,-0.2321,0.2223,-0.304,-0.6323
17,"train","sitting",0.2774,-0.0142,-0.1136,-0.9944,-0.9619,-0.9657,-0.9951,-0.9602,-0.9648,-0.9376,-0.5498,-0.8084,0.8466,0.6849,0.8282,-0.9736,-0.9999,-0.9972,-0.9966,-0.9955,-0.9646,-0.9657,-0.6909,-0.5666,-0.5514,0.1771,-0.0769,0.0782,0.0409,0.1964,-0.1553,0.207,-0.1197,0.1784,-0.0927,0.0767,-0.1478,0.0145,0.0742,0.2694
17,"train","standing",0.2779,-0.0174,-0.1114,-0.9912,-0.9682,-0.9705,-0.9921,-0.9673,-0.968,-0.9331,-0.5562,-0.809,0.8443,0.6832,0.8348,-0.9766,-0.9996,-0.9987,-0.9974,-0.9931,-0.972,-0.9647,-0.6446,-0.5684,-0.5487,0.1735,-0.108,0.0843,-0.016,0.1837,-0.1683,0.2273,-0.1399,0.2053,-0.1223,0.1106,-0.1583,0.3368,0.2777,0.3232
17,"train","walking",0.2723,-0.0185,-0.1098,-0.3195,-0.0176,-0.2658,-0.3428,-0.0398,-0.2616,-0.1208,-0.06,-0.3011,0.31,0.1339,0.4424,-0.1586,-0.7649,-0.8125,-0.7524,-0.3952,-0.2688,-0.2301,0.4584,0.2923,0.1536,-0.5227,0.3903,-0.0566,-0.0096,-0.2845,0.2824,0.094,-0.1954,-0.3518,0.2794,0.0465,-0.2705,0.0307,-0.121,0.271
17,"train","walking downstairs",0.2939,-0.0167,-0.0892,0.1877,-0.0608,-0.2311,0.139,-0.0696,-0.2381,0.4171,-0.0383,-0.4174,-0.0104,0.1471,0.2679,0.1133,-0.2875,-0.8231,-0.7067,-0.0045,-0.262,-0.2912,0.2627,0.2621,0.2783,-0.4257,0.2281,-0.0957,0.2987,-0.3516,0.2761,0.0618,-0.0292,-0.3111,0.2516,-0.0575,-0.0553,-0.5128,-0.5874,0.165
17,"train","walking upstairs",0.2526,-0.0229,-0.1213,-0.063,-0.0132,-0.2302,-0.1303,-0.0415,-0.2256,0.1177,0.0276,-0.3434,0.023,0.1192,0.4173,-0.0248,-0.5545,-0.8063,-0.7169,-0.2405,-0.2733,-0.2788,0.4615,0.2021,0.1112,-0.474,0.2622,-0.0553,0.2147,-0.2901,0.208,0.0632,-0.0153,-0.2852,0.1166,0.0375,0.0374,-0.5038,-0.4838,0.3557
18,"test","laying",0.2747,-0.0174,-0.1077,-0.9845,-0.9862,-0.9877,-0.9856,-0.9861,-0.9878,-0.9272,-0.569,-0.8166,0.8371,0.6877,0.8401,-0.9859,-0.9997,-0.9999,-0.9997,-0.9868,-0.9877,-0.9875,-0.4613,-0.6316,-0.5476,0.0671,-0.0279,0.1369,-0.0941,0.2226,-0.088,0.2381,-0.0726,0.3092,-0.128,0.1653,-0.1632,-0.0486,-0.3114,-0.1793
18,"test","sitting",0.2773,-0.0129,-0.1119,-0.9943,-0.9749,-0.9776,-0.995,-0.9745,-0.9767,-0.938,-0.5563,-0.8149,0.8455,0.6875,0.8335,-0.9837,-0.9999,-0.9993,-0.9986,-0.9953,-0.9783,-0.9751,-0.6324,-0.5001,-0.5396,0.2032,-0.0631,0.0966,0.0549,0.1857,-0.1136,0.1831,0.0761,0.1868,-0.0715,0.1017,-0.1449,-0.0932,-0.1028,0.0744
18,"test","standing",0.2785,-0.0166,-0.1085,-0.992,-0.9542,-0.9619,-0.9934,-0.954,-0.9601,-0.934,-0.5508,-0.8014,0.8422,0.672,0.8313,-0.9729,-0.9999,-0.9991,-0.9982,-0.9949,-0.9617,-0.9589,-0.5756,-0.4226,-0.435,0.1788,-0.0767,0.1266,0.0488,0.0286,-0.0783,0.2378,-0.0558,0.1314,-0.0839,0.1026,-0.1554,0.1027,-0.0782,0.2367
18,"test","walking",0.2739,-0.0178,-0.1042,-0.376,-0.227,-0.4283,-0.4159,-0.2149,-0.4367,-0.1106,-0.1596,-0.4444,0.2715,0.296,0.4704,-0.2964,-0.8023,-0.8823,-0.8414,-0.494,-0.3614,-0.4948,0.2911,0.1808,0.0841,-0.4019,0.2883,-0.0238,0.0571,-0.2197,0.2429,0.016,-0.0355,-0.1475,0.1851,-0.0954,-0.1049,-0.2239,-0.1335,0.2876
18,"test","walking downstairs",0.2884,-0.0169,-0.1034,-0.3026,-0.2542,-0.4186,-0.375,-0.2832,-0.4223,0.0725,-0.1958,-0.4969,0.3769,0.1958,0.4031,-0.2887,-0.7522,-0.8896,-0.8385,-0.5519,-0.4825,-0.4631,0.1059,0.2947,0.2033,-0.4256,0.3125,-0.1594,0.1987,-0.2268,0.1734,0.0826,0.0017,-0.2449,0.2317,-0.0572,-0.1665,-0.5877,-0.3298,0.2439
18,"test","walking upstairs",0.2654,-0.0222,-0.1127,-0.3802,-0.2112,-0.3144,-0.4355,-0.2214,-0.3267,-0.1476,-0.1664,-0.4144,0.4287,0.266,0.4333,-0.2752,-0.805,-0.8764,-0.7794,-0.5664,-0.386,-0.3841,0.1868,0.2398,0.0939,-0.4359,0.2129,0.0081,0.1156,-0.2559,0.1307,0.0882,0.0648,-0.2977,0.1191,-0.0175,0.0676,-0.447,-0.2649,0.1177
19,"train","laying",0.2727,-0.0171,-0.109,-0.965,-0.9734,-0.9847,-0.9661,-0.9749,-0.9851,-0.9147,-0.5534,-0.8135,0.8172,0.6801,0.8382,-0.9686,-0.998,-0.9996,-0.9995,-0.9685,-0.9802,-0.9853,-0.3555,-0.5713,-0.56,-0.0026,0.0135,0.0047,-0.0257,0.2496,-0.0715,0.1617,0.0153,0.2877,-0.0854,0.0756,-0.0305,0.1426,0.0473,-0.1105
19,"train","sitting",0.2738,-0.0167,-0.1087,-0.9764,-0.9504,-0.9519,-0.9785,-0.951,-0.95,-0.9192,-0.5452,-0.7991,0.8283,0.6735,0.8221,-0.9599,-0.9992,-0.9981,-0.9959,-0.9823,-0.9606,-0.9487,-0.3899,-0.4692,-0.4094,-0.0332,-0.0258,0.059,-0.0659,0.0864,-0.0946,0.1869,0.0146,0.1355,-0.1039,0.0848,-0.0762,-0.5442,-0.6317,0.3062
19,"train","standing",0.2782,-0.0154,-0.109,-0.9899,-0.9444,-0.9526,-0.9915,-0.9446,-0.9504,-0.9299,-0.5383,-0.8002,0.838,0.6698,0.8222,-0.9618,-0.9998,-0.9982,-0.9961,-0.9931,-0.9545,-0.9475,-0.546,-0.4238,-0.4046,0.1691,-0.0445,0.0812,0.0716,0.038,-0.069,0.1961,-0.0571,0.1431,-0.0982,0.1035,-0.1752,0.0217,-0.2681,0.2605
19,"train","walking",0.2739,-0.0192,-0.1227,-0.0489,0.1818,-0.1395,-0.1277,0.1941,-0.1631,0.3842,0.1514,-0.2143,-0.0114,0.1178,0.2032,0.0558,-0.5404,-0.7272,-0.6509,-0.2426,0.0022,-0.2301,0.4543,0.2292,0.1557,-0.3178,0.2989,-0.116,0.1206,-0.1592,0.1831,0.0639,0.1047,0.0905,0.1394,-0.0687,-0.1094,-0.1484,-0.3798,0.1024
19,"train","walking downstairs",0.2627,-0.0146,-0.1337,0.6269,0.5148,0.0493,0.6092,0.4894,0.0013,0.6785,0.2644,-0.0882,-0.3128,-0.2268,-0.0313,0.6008,0.3411,-0.5509,-0.4552,0.5639,0.1765,-0.1076,0.2169,0.3603,0.228,-0.2688,0.1652,-0.112,0.3288,-0.1187,0.1079,0.1741,0.032,0.0741,0.0979,0.0525,-0.0744,-0.4991,-0.2518,0.264
19,"train","walking upstairs",0.2421,-0.0304,-0.1511,-0.1287,0.1763,-0.1905,-0.1734,0.1788,-0.2161,-0.0623,0.0439,-0.2699,-0.0407,-0.0397,0.2439,0.0157,-0.6138,-0.7227,-0.677,-0.2392,-0.0375,-0.2874,0.5777,0.2636,0.1175,-0.3436,0.2611,-0.1875,0.3113,-0.2101,0.2027,0.0602,-0.0068,-0.0839,0.1286,-0.0613,-0.0361,-0.4889,-0.2095,0.1767
20,"test","laying",0.2395,-0.0144,-0.1043,-0.9622,-0.9641,-0.9726,-0.9644,-0.9647,-0.9721,-0.9279,-0.5475,-0.8007,0.7944,0.6812,0.8353,-0.9613,-0.9888,-0.9967,-0.9974,-0.9685,-0.9723,-0.9718,-0.5869,-0.571,-0.5075,0.0286,-0.073,0.1259,-0.0614,0.2003,-0.0538,0.1855,0.0281,0.1942,-0.0599,0.1451,-0.1361,-0.1166,-0.2449,-0.185
20,"test","sitting",0.278,-0.0147,-0.1084,-0.9831,-0.9361,-0.9291,-0.9853,-0.9382,-0.9266,-0.9213,-0.5306,-0.7809,0.8317,0.6642,0.8094,-0.9535,-0.9994,-0.9965,-0.9887,-0.9884,-0.9522,-0.9233,-0.5048,-0.4198,-0.3151,0.0859,-0.0245,0.0687,0.1318,0.0775,-0.1138,0.2365,0.0057,0.059,-0.0441,0.0789,-0.0927,-0.0725,-0.2427,0.1141
20,"test","standing",0.2781,-0.0181,-0.1004,-0.9672,-0.8754,-0.9131,-0.9738,-0.8801,-0.9141,-0.898,-0.4948,-0.7509,0.7984,0.6264,0.8071,-0.9235,-0.9985,-0.9942,-0.9899,-0.9812,-0.9095,-0.9194,-0.3319,-0.2402,-0.2856,0.0396,0.0597,-5e-04,0.1104,-0.0482,-0.0594,0.2277,-0.0035,0.0276,-7e-04,0.0052,-0.0697,0.3827,-0.1638,0.2352
20,"test","walking",0.2726,-0.0212,-0.1135,-0.2083,0.4898,-0.2287,-0.2508,0.4776,-0.2198,-0.0116,0.1245,-0.2953,0.1288,-0.3059,0.3484,0.0459,-0.6804,-0.5615,-0.725,-0.3133,0.1331,-0.2611,0.6247,0.4285,0.2313,-0.371,0.3625,-0.1809,0.1183,-0.2755,0.2604,0.0098,0.0637,-0.0691,0.1807,-0.1217,0.117,-0.2674,-0.3989,0.3246
20,"test","walking downstairs",0.2961,-0.0096,-0.1046,0.0745,0.6169,-0.1609,0.0139,0.5161,-0.2033,0.3746,0.1344,-0.1871,-0.0011,-0.3924,0.2499,0.2138,-0.4131,-0.4904,-0.6724,-0.1287,-0.0073,-0.3157,0.2768,0.4646,0.22,-0.4441,0.2691,-0.0742,0.1744,-0.2371,0.1538,0.1948,-0.057,-0.2115,0.1676,0.1721,-0.1635,-0.3257,-0.2259,0.0424
20,"test","walking upstairs",0.2521,-0.0282,-0.121,-0.1161,0.1522,-0.2292,-0.1786,0.1917,-0.2452,0.1372,0.0252,-0.2107,0.0054,0.1152,0.4263,0.0078,-0.6008,-0.7355,-0.7258,-0.321,0.0336,-0.3365,0.2212,0.2436,0.0949,-0.4758,0.3091,-8e-04,0.0564,-0.3488,0.2269,0.1058,-0.0534,-0.2611,0.1569,0.1849,-0.2497,-0.045,-0.2577,0.3205
21,"train","laying",0.2713,-0.0184,-0.1033,-0.955,-0.957,-0.9457,-0.957,-0.9592,-0.9439,-0.9082,-0.5466,-0.7849,0.8065,0.6691,0.8265,-0.9502,-0.9968,-0.9986,-0.9921,-0.9609,-0.9691,-0.9441,-0.2198,-0.5185,-0.3883,-0.0673,-0.0249,-0.0242,0.0366,0.1274,-0.1057,0.2308,-0.1002,0.1303,-0.0858,0.1211,-0.206,0.5417,-0.7661,-0.5592
21,"train","sitting",0.2775,-0.0144,-0.1121,-0.9918,-0.9669,-0.9596,-0.9929,-0.9681,-0.9571,-0.9335,-0.5542,-0.8017,0.8429,0.679,0.8265,-0.9753,-0.9999,-0.9991,-0.995,-0.9937,-0.9763,-0.953,-0.5752,-0.4688,-0.4514,0.2237,-0.0579,0.0623,0.0991,0.1398,-0.074,0.1849,-0.0209,0.1648,-0.0929,0.1279,-0.1119,-0.0274,0.0493,0.0678
21,"train","standing",0.277,-0.0167,-0.1104,-0.9814,-0.9436,-0.9461,-0.9842,-0.9449,-0.9435,-0.9237,-0.5374,-0.7908,0.8242,0.6655,0.819,-0.958,-0.9993,-0.998,-0.9945,-0.9874,-0.9566,-0.94,-0.4371,-0.4235,-0.4247,0.0885,-0.0263,0.0526,0.0344,0.0534,-0.0487,0.1709,0.0266,0.0982,-0.0672,0.1042,-0.0822,0.2198,0.1287,0.3787
21,"train","walking",0.2792,-0.0182,-0.1043,-0.2978,0.0541,-0.1687,-0.3386,0.0648,-0.1653,-0.0599,-0.019,-0.3531,0.2315,0.1027,0.2812,-0.1006,-0.7475,-0.7832,-0.6857,-0.4263,-0.1143,-0.2309,0.4061,0.3487,0.3377,-0.3805,0.4046,-0.1853,0.0691,-0.1971,0.2186,0.0636,-0.0252,-0.2451,0.2632,-0.1572,0.1036,-0.3018,-0.1138,0.4239
21,"train","walking downstairs",0.3015,-0.0173,-0.0982,0.2243,0.3013,-0.0718,0.1702,0.2746,-0.1323,0.5217,-0.0148,-0.1866,0.0859,-0.1432,0.0624,0.2531,-0.2426,-0.6691,-0.6039,-0.0331,-0.0631,-0.2864,0.1834,0.3842,0.3376,-0.2963,0.159,-0.1434,0.3591,-0.2069,0.1175,0.1378,0.0355,-0.1115,0.1696,0.0561,-0.043,-0.7398,-0.5834,0.4757
21,"train","walking upstairs",0.2652,-0.0237,-0.1254,-0.2408,0.1098,-0.2197,-0.2761,0.0611,-0.2161,-0.1412,0.0282,-0.3573,0.1598,-0.0459,0.3428,-0.0803,-0.7067,-0.7582,-0.72,-0.3497,-0.2156,-0.2727,0.494,0.2113,0.2033,-0.3705,0.2704,-0.2949,0.3975,-0.1544,0.1363,0.0149,0.0861,-0.2242,0.146,0.0014,-0.0149,-0.29,-0.422,0.3111
22,"train","laying",0.28,-0.0143,-0.1108,-0.9477,-0.9133,-0.9429,-0.9519,-0.9185,-0.9455,-0.8834,-0.5124,-0.7872,0.7996,0.6538,0.8091,-0.9332,-0.9935,-0.99,-0.9914,-0.9599,-0.9407,-0.9547,-0.3431,-0.4786,-0.4639,-0.0291,0.0112,-0.0264,0.1335,0.1224,-0.0929,0.1799,0.1355,0.2345,-0.103,0.1182,-0.0066,0.1396,-0.3093,-0.3195
22,"train","sitting",0.2736,-0.0123,-0.1058,-0.9785,-0.9281,-0.9176,-0.9808,-0.9304,-0.9143,-0.9209,-0.5161,-0.7713,0.8231,0.669,0.8082,-0.9408,-0.999,-0.9929,-0.9855,-0.9831,-0.942,-0.9142,-0.4032,-0.4826,-0.3521,0.0898,-0.0584,0.0089,0.0032,0.089,-0.0957,0.2023,-0.0651,0.0684,-0.0721,0.104,-0.1707,-0.4378,-0.6138,0.3506
22,"train","standing",0.2791,-0.0159,-0.105,-0.985,-0.9227,-0.9422,-0.9894,-0.9305,-0.9427,-0.9171,-0.5161,-0.7821,0.8253,0.646,0.8186,-0.956,-0.9995,-0.9975,-0.9955,-0.9928,-0.951,-0.9451,-0.5175,-0.3489,-0.3803,0.169,-0.0336,0.0092,0.1526,-0.0533,-0.0162,0.1364,0.0736,0.0734,-0.0773,0.0741,-0.0877,0.2183,-0.115,0.264
22,"train","walking",0.2789,-0.0167,-0.1071,-0.0087,0.1004,-0.2134,-0.013,-0.0359,-0.2347,0.0487,-0.0565,-0.139,-0.0183,-0.249,0.2931,0.0359,-0.5059,-0.7638,-0.7174,-0.0724,-0.4066,-0.2971,0.5979,0.4039,0.1265,-0.3316,0.3255,-0.2856,0.2896,-0.0304,0.2193,-0.1262,0.1694,-0.0119,0.202,-0.2134,0.0884,-0.3372,0,0.3799
22,"train","walking downstairs",0.2845,-0.0198,-0.1074,0.3486,0.2398,-0.3257,0.326,0.2119,-0.3385,0.4932,0.0373,-0.3902,-0.1538,-0.129,0.3563,0.2661,-0.0856,-0.7012,-0.7875,0.2726,-0.0526,-0.4027,0.3625,0.33,0.1993,-0.2554,0.1666,-0.3413,0.6358,-0.168,0.1795,-0.0185,0.2075,0.0416,0.0394,0.0386,0.1294,-0.5222,0.0713,0.2573
22,"train","walking upstairs",0.2484,-0.0269,-0.1176,0.0836,0.2501,-0.1096,0.0632,0.2511,-0.1275,0.2186,0.0541,-0.13,-0.023,-0.082,0.3767,0.1905,-0.4081,-0.6937,-0.6366,0.0204,0.0319,-0.2383,0.5641,0.3215,0.0671,-0.1964,0.1616,-0.2655,0.3797,-0.1345,0.1317,-0.0149,0.1775,-0.0476,0.0561,-0.1286,0.2178,-0.4189,-0.1467,0.4132
23,"train","laying",0.274,-0.0217,-0.1043,-0.9568,-0.9763,-0.9732,-0.9583,-0.9754,-0.9734,-0.9092,-0.5687,-0.8023,0.8125,0.6805,0.836,-0.9629,-0.9973,-0.9995,-0.9984,-0.9617,-0.9774,-0.9753,-0.2026,-0.6593,-0.4461,-0.0191,0.0013,-0.112,0.0471,0.1886,-0.1595,0.1881,-0.0741,0.3373,-0.1191,0.1021,-0.2113,0.482,-0.5016,-0.4062
23,"train","sitting",0.2734,-0.0134,-0.1038,-0.9876,-0.9349,-0.9056,-0.9897,-0.9345,-0.8996,-0.9297,-0.5371,-0.7661,0.8324,0.6712,0.8064,-0.9459,-0.9997,-0.9943,-0.9778,-0.9914,-0.9463,-0.8901,-0.577,-0.497,-0.3823,0.2405,-0.0677,0.0408,0.1107,0.1303,-0.0598,0.1108,0.1289,0.1489,-0.028,-0.0119,-0.0398,-0.2012,-0.0552,0.2899
23,"train","standing",0.2779,-0.0177,-0.1106,-0.9854,-0.9584,-0.9294,-0.9873,-0.9596,-0.9273,-0.9247,-0.5479,-0.7745,0.8354,0.6756,0.8108,-0.9576,-0.9997,-0.9992,-0.9932,-0.9897,-0.9689,-0.928,-0.4753,-0.4755,-0.3578,0.1253,-0.0234,0.0849,-0.0533,0.0812,-0.0862,0.1864,0.0315,0.0162,-0.0085,0.0896,-0.1818,-0.0018,0.0893,0.5281
23,"train","walking",0.2732,-0.0184,-0.1134,-0.3135,-0.119,0.1642,-0.3424,-0.2535,0.1464,-0.0647,-0.1647,-0.1349,0.1682,-0.0892,-0.0355,-0.1009,-0.7601,-0.8467,-0.3876,-0.4085,-0.5311,-1e-04,0.4725,0.3012,0.3549,-0.3573,0.268,0.079,-0.1637,-0.1136,0.159,0.207,-0.25,-0.2038,0.2121,0.1907,-0.3145,-0.1796,-0.3115,0.4114
23,"train","walking downstairs",0.2899,-0.0162,-0.0988,0.0441,0.1083,0.2299,-0.0741,0.09,0.1338,0.4617,0.0661,0.0924,-0.1908,-0.0709,-0.1078,0.1421,-0.4431,-0.7587,-0.314,-0.2778,-0.1318,-0.1398,0.4306,0.2779,0.396,-0.2469,0.2049,-0.0415,0.1314,-0.0802,0.1264,-0.0111,0.0869,-0.0149,0.1388,-0.0301,0.0423,-0.3576,-0.5164,0.238
23,"train","walking upstairs",0.25,-0.0324,-0.1269,-0.2439,0.0448,0.1008,-0.3012,-0.0068,0.1088,-0.061,0.1032,-0.108,0.1045,0.118,0.1274,-0.0158,-0.7069,-0.7836,-0.4495,-0.4228,-0.2888,0.0488,0.3989,0.104,0.1844,-0.3157,0.2142,-0.1979,0.329,-0.2101,0.1456,0.0771,-0.0229,-0.3355,0.2925,-0.2435,0.1303,-0.1723,-0.1943,0.245
24,"test","laying",0.2729,-0.0174,-0.1072,-0.968,-0.9831,-0.9736,-0.9691,-0.9837,-0.9736,-0.9202,-0.5643,-0.8045,0.8158,0.6853,0.8333,-0.9718,-0.9983,-0.9998,-0.9985,-0.9703,-0.9866,-0.9737,-0.2627,-0.6132,-0.4759,-0.0413,-0.0276,0.0045,-0.0297,0.2885,-0.1562,0.235,0.0537,0.2022,-0.0797,0.1677,-0.2373,0.171,-0.5624,-0.2208
24,"test","sitting",0.2735,-0.0131,-0.103,-0.9906,-0.9563,-0.9571,-0.9914,-0.956,-0.9561,-0.9359,-0.5458,-0.7958,0.8391,0.6784,0.8273,-0.9691,-0.9998,-0.9981,-0.9968,-0.9922,-0.9636,-0.9565,-0.5864,-0.4313,-0.3773,0.1399,-0.035,0.0808,0.0471,0.0514,-0.0469,0.1321,0.0159,0.102,-0.0381,0.0228,-0.0638,-0.2992,-0.3616,0.2186
24,"test","standing",0.2803,-0.0145,-0.1082,-0.9873,-0.9369,-0.9303,-0.99,-0.9369,-0.9272,-0.9232,-0.5327,-0.7838,0.8344,0.669,0.8113,-0.9518,-0.9997,-0.9981,-0.9923,-0.9924,-0.949,-0.9253,-0.5138,-0.3495,-0.3574,0.2029,-0.0228,0.0993,0.0638,-0.0146,-0.0285,0.2215,-0.219,0.1274,-0.082,0.1053,-0.2611,0.2064,0.0189,0.0565
24,"test","walking",0.277,-0.0225,-0.1106,-0.4708,-0.1541,-0.2888,-0.4819,-0.204,-0.2908,-0.4244,-0.1783,-0.3887,0.3481,0.0886,0.3372,-0.2916,-0.8572,-0.8599,-0.7686,-0.522,-0.4327,-0.312,0.4946,0.3282,0.2328,-0.4084,0.3393,-0.1576,0.1064,-0.2519,0.1892,0.1975,-0.2101,-0.2723,0.2406,0.0677,-0.2164,-0.0939,-0.1947,0.4286
24,"test","walking downstairs",0.2886,-0.0146,-0.1048,-0.0827,-0.1026,-0.2056,-0.1409,-0.1727,-0.2357,0.3131,-0.1127,-0.2049,0.2572,0.0673,0.255,-0.0727,-0.5745,-0.8404,-0.7082,-0.3185,-0.4653,-0.3301,0.1709,0.3597,0.2592,-0.3691,0.2055,-0.1871,0.3913,-0.1633,0.1384,0.2405,-0.1654,-0.1216,0.2639,-0.0845,0.0296,-0.5,-0.3569,0.0566
24,"test","walking upstairs",0.2699,-0.0252,-0.1142,-0.3444,-0.1168,-0.2556,-0.4112,-0.1421,-0.3042,-0.0862,-0.084,-0.2973,0.3561,0.1699,0.2835,-0.2339,-0.7821,-0.8448,-0.7448,-0.5715,-0.3587,-0.4409,0.2096,0.2127,0.2041,-0.3944,0.1986,0.0023,0.1133,-0.2783,0.1345,0.1468,-0.0355,-0.3482,0.3149,-0.1054,-0.0893,-0.232,-0.3543,0.0243
25,"train","laying",0.2508,-0.0189,-0.1004,-0.9091,-0.6918,-0.7173,-0.912,-0.6744,-0.6943,-0.8806,-0.4258,-0.662,0.7548,0.5742,0.7419,-0.5776,-0.9789,-0.7963,-0.7503,-0.9195,-0.7084,-0.6642,-0.1798,-0.1973,-0.2553,-0.2161,0.1164,-0.0398,-0.0062,-0.1145,0.0173,0.1861,-0.0343,-0.0089,-0.0433,0.0647,-0.0526,0.1736,-0.4642,-0.1987
25,"train","sitting",0.2785,-0.0148,-0.1092,-0.9919,-0.9475,-0.9651,-0.9929,-0.9467,-0.9633,-0.9341,-0.5436,-0.8075,0.8443,0.6767,0.8287,-0.9722,-0.9998,-0.9949,-0.9968,-0.9937,-0.9584,-0.9603,-0.6057,-0.5289,-0.4441,0.1484,-0.0638,0.0882,0.0861,0.1469,-0.1077,0.2256,-0.0225,0.1973,-0.1186,0.0985,-0.1106,-0.1588,-0.2948,0.2452
25,"train","standing",0.278,-0.0164,-0.1074,-0.992,-0.9546,-0.9646,-0.9933,-0.9558,-0.962,-0.9329,-0.5454,-0.8034,0.8417,0.6724,0.8327,-0.9737,-0.9999,-0.999,-0.9943,-0.9944,-0.965,-0.9579,-0.5825,-0.4629,-0.506,0.1893,-0.0701,0.1266,0.0933,0.0809,-0.0961,0.245,-0.0694,0.2605,-0.1595,0.2097,-0.2151,-0.1131,-0.2123,0.3365
25,"train","walking",0.279,-0.0186,-0.1087,-0.596,-0.1619,-0.4371,-0.6207,-0.1825,-0.4329,-0.506,-0.1414,-0.4294,0.4588,0.1622,0.4789,-0.4031,-0.9161,-0.8623,-0.8515,-0.6564,-0.3859,-0.4429,0.4247,0.2788,0.0837,-0.3886,0.3184,-0.12,0.0444,-0.2895,0.148,0.2862,-0.2127,-0.4095,0.3222,-0.0201,-0.2199,0.0684,-0.0206,0.0275
25,"train","walking downstairs",0.2913,-0.021,-0.1072,-0.2538,-0.1405,-0.458,-0.2893,-0.1742,-0.452,-0.0413,-0.1013,-0.3735,0.2119,0.1228,0.562,-0.2186,-0.7146,-0.8528,-0.861,-0.3661,-0.3852,-0.4713,0.3686,0.2918,0.1392,-0.4341,0.2648,-0.2044,0.3323,-0.266,0.1541,0.1998,-0.0786,-0.3334,0.2268,0.0422,-0.2,-0.4086,0.1751,-0.3439
25,"train","walking upstairs",0.278,-0.027,-0.1262,-0.4598,-0.2231,-0.2965,-0.519,-0.2427,-0.2522,-0.2191,-0.1325,-0.4037,0.429,0.3062,0.5301,-0.3026,-0.8501,-0.8785,-0.7601,-0.6352,-0.4389,-0.184,0.2975,0.1709,0.0046,-0.4405,0.2695,-0.1874,0.2704,-0.3243,0.1523,0.1113,0.0438,-0.416,0.2056,-0.0569,0.0178,-0.164,-0.2505,-0.2757
26,"train","laying",0.2716,-0.0192,-0.105,-0.9694,-0.9832,-0.9845,-0.9717,-0.9833,-0.985,-0.9258,-0.5693,-0.8096,0.8137,0.6846,0.8414,-0.9773,-0.9964,-0.9996,-0.9991,-0.9778,-0.9853,-0.9862,-0.3946,-0.692,-0.5365,-0.0039,-0.0275,-0.0074,0.0511,0.3291,-0.18,0.2197,0.0758,0.3567,-0.1211,0.1138,0.0038,-0.1466,0.0803,-0.1651
26,"train","sitting",0.2582,-0.0071,-0.0974,-0.9798,-0.9408,-0.95,-0.9806,-0.9381,-0.9467,-0.9345,-0.5324,-0.7872,0.8231,0.6815,0.8318,-0.9492,-0.9964,-0.9894,-0.9885,-0.9818,-0.9465,-0.9429,-0.5683,-0.5278,-0.4393,0.0894,-0.0846,0.094,-0.0077,0.2111,-0.1586,0.2274,-0.0247,0.1764,-0.1095,0.0705,-0.1076,-0.3741,-0.4625,0.3764
26,"train","standing",0.2811,-0.0167,-0.1102,-0.9931,-0.9495,-0.963,-0.9943,-0.9503,-0.9609,-0.9345,-0.5437,-0.8025,0.8432,0.6714,0.8283,-0.9688,-0.9998,-0.9978,-0.997,-0.995,-0.9593,-0.9578,-0.6139,-0.5095,-0.5208,0.2647,-0.0906,0.1029,0.1157,0.0572,-0.0832,0.2118,-0.0944,0.1559,-0.08,0.1012,-0.1685,-0.0594,-0.142,0.334
26,"train","walking",0.2793,-0.0154,-0.1089,-0.3402,-0.1364,-0.3335,-0.3797,-0.1594,-0.3473,-0.0722,-0.0994,-0.3859,0.2678,0.1508,0.3299,-0.2356,-0.7751,-0.8534,-0.7961,-0.466,-0.3477,-0.4076,0.4165,0.2375,0.2825,-0.3411,0.2345,0.0167,0.0026,-0.2303,0.2202,0.0767,-0.0673,-0.1554,0.2709,-0.0051,-0.2106,-0.1424,-0.1357,0.128
26,"train","walking downstairs",0.2793,-0.0126,-0.1064,0.174,-0.0116,-0.2848,0.1138,-0.0835,-0.2995,0.4621,0.0247,-0.1066,0.0916,0.0215,0.4844,0.0773,-0.303,-0.8068,-0.7629,-0.1059,-0.3689,-0.3605,0.1231,0.3369,0.0826,-0.395,0.1565,0.0386,0.1883,-0.1006,0.0537,0.3361,-0.1239,-0.1441,0.2221,0.0795,-0.1294,-0.1703,0.2806,0.0717
26,"train","walking upstairs",0.2727,-0.0282,-0.1219,-0.169,-0.0492,-0.4046,-0.2865,-0.0688,-0.4042,0.1424,-0.0426,-0.4251,0.0618,0.09,0.4775,-0.1754,-0.6513,-0.8218,-0.8335,-0.4947,-0.2795,-0.4455,0.5832,0.2283,0.0848,-0.3732,0.2731,-0.1876,0.2414,-0.2792,0.1825,0.061,0.05,-0.2806,0.2394,-0.1647,0.056,-0.4639,-0.1016,0.1441
27,"train","laying",0.2741,-0.018,-0.1077,-0.9785,-0.9837,-0.9866,-0.9802,-0.9844,-0.9868,-0.9242,-0.5667,-0.8164,0.8302,0.6855,0.8395,-0.9819,-0.9989,-0.9997,-0.9995,-0.9837,-0.9871,-0.9866,-0.4598,-0.652,-0.5581,0.0082,-0.0077,-0.0397,0.2453,0.2642,-0.1294,0.1762,0.1276,0.3437,-0.1081,0.1384,-0.0263,0.0033,-0.1546,-0.1739
27,"train","sitting",0.2739,-0.0155,-0.1055,-0.9886,-0.9716,-0.9659,-0.9895,-0.9714,-0.9646,-0.9352,-0.5553,-0.8005,0.8377,0.6848,0.8353,-0.9779,-0.9994,-0.9989,-0.9959,-0.9903,-0.9759,-0.9639,-0.5752,-0.5685,-0.4651,0.1205,-0.0322,0.0339,0.0987,0.1908,-0.126,0.1837,0.1018,0.1724,-0.087,0.0943,-0.086,-0.334,-0.3878,0.2797
27,"train","standing",0.2796,-0.0166,-0.1078,-0.992,-0.9552,-0.9624,-0.9931,-0.957,-0.9612,-0.9316,-0.546,-0.801,0.8428,0.6725,0.8285,-0.973,-0.9998,-0.9983,-0.9964,-0.9941,-0.9664,-0.9593,-0.5994,-0.5202,-0.4866,0.3035,-0.0974,0.132,0.126,0.1067,-0.0702,0.1518,-3e-04,0.1682,-0.0791,0.037,-0.0589,-0.02,-0.0467,0.1924
27,"train","walking",0.2768,-0.0166,-0.1128,-0.3485,-0.1873,-0.2973,-0.3916,-0.1901,-0.3003,-0.037,-0.1212,-0.3501,0.2883,0.224,0.3909,-0.2382,-0.7849,-0.8707,-0.7739,-0.4685,-0.356,-0.3661,0.4561,0.2264,0.2363,-0.2676,0.1601,0.0419,0.0955,-0.0806,0.1654,0.1789,-0.2616,-0.0881,0.163,0.1329,-0.2988,0.0154,-0.0241,0.3683
27,"train","walking downstairs",0.2975,-0.0136,-0.1128,0.1674,-0.098,-0.24,0.102,-0.1296,-0.2665,0.4781,-0.062,-0.3975,0.0453,0.0419,0.1954,0.0647,-0.3096,-0.8385,-0.7286,-0.0369,-0.3394,-0.3622,0.251,0.3067,0.3132,-0.3828,0.2916,-0.2593,0.3637,-0.1592,0.2076,0.0511,-0.041,-0.0397,0.1444,-0.0986,0.1337,-0.5566,-0.4406,0.4612
27,"train","walking upstairs",0.2658,-0.0201,-0.1235,-0.2954,-0.095,-0.2307,-0.3309,-0.1018,-0.2159,-0.1182,-0.0547,-0.3752,0.3383,0.2001,0.3453,-0.1555,-0.7486,-0.8399,-0.7264,-0.4214,-0.2901,-0.2261,0.3181,0.1994,0.2452,-0.4769,0.346,-0.2189,0.2481,-0.233,0.1641,0.0909,-0.0783,-0.2881,0.1809,-0.1489,0.2115,-0.3339,-0.4519,0.3098
28,"train","laying",0.2759,-0.0168,-0.1083,-0.9689,-0.9454,-0.9565,-0.9709,-0.945,-0.9572,-0.9101,-0.5393,-0.7941,0.8238,0.6744,0.8157,-0.9559,-0.9986,-0.9979,-0.9966,-0.9736,-0.9556,-0.9588,-0.3174,-0.4464,-0.4369,-0.0244,-0.0147,0.0428,-0.0546,0.1307,-0.1408,0.1547,-0.0026,0.2208,-0.0843,0.1238,-0.0585,0.4053,-0.3758,-0.4458
28,"train","sitting",0.277,-0.0185,-0.1115,-0.9833,-0.9399,-0.9367,-0.9857,-0.9409,-0.9355,-0.9218,-0.5378,-0.786,0.8277,0.6644,0.8115,-0.9559,-0.9996,-0.9981,-0.9943,-0.9885,-0.9536,-0.9352,-0.4297,-0.4249,-0.366,0.086,0.0299,0.0392,0.0369,-0.0276,0.012,0.1674,-0.0185,0.0435,-0.0242,0.0195,-0.0371,0.0712,-0.3035,0.1221
28,"train","standing",0.2778,-0.0173,-0.1066,-0.9777,-0.8757,-0.9051,-0.9815,-0.8796,-0.902,-0.9094,-0.4949,-0.7619,0.8224,0.6317,0.7997,-0.9279,-0.9994,-0.9926,-0.9905,-0.9862,-0.9093,-0.9032,-0.3746,-0.2884,-0.2763,0.1027,0.0167,0.0375,0.1075,-0.126,0.0419,0.1519,0.0247,0.006,-0.0112,-0.0048,-0.0314,0.1084,-0.1938,0.1495
28,"train","walking",0.2812,-0.0157,-0.1037,-0.293,-0.1179,-0.3009,-0.322,-0.1314,-0.3115,-0.1549,-0.1636,-0.2905,0.2142,0.0616,0.3946,-0.1854,-0.7439,-0.8473,-0.774,-0.3677,-0.2992,-0.3894,0.3389,0.282,0.2539,-0.4056,0.2855,-0.0691,0.1121,-0.2196,0.1447,0.2887,-0.2118,-0.1719,0.1564,-0.0094,-0.0109,0.0216,0.046,0.3031
28,"train","walking downstairs",0.2936,-0.022,-0.1086,0.1257,0.1565,-0.341,0.0671,0.1044,-0.3687,0.4581,0.0941,-0.4204,0.0262,-0.0917,0.2321,0.0797,-0.3555,-0.7352,-0.794,-0.0916,-0.2048,-0.4262,0.2304,0.3282,0.267,-0.3253,0.2289,-0.2025,0.3381,-0.1247,0.0956,0.2247,-0.0877,0.0908,0.0649,0.0206,-0.0313,-0.5479,-0.2953,0.2058
28,"train","walking upstairs",0.262,-0.0279,-0.1215,-0.2421,-0.1468,-0.286,-0.3046,-0.1989,-0.3476,0.048,-0.1116,-0.4201,0.2803,0.0631,0.2993,-0.2024,-0.7084,-0.8549,-0.7605,-0.4371,-0.4134,-0.5183,0.3139,0.2096,0.2386,-0.3571,0.2796,-0.1935,0.2184,-0.2291,0.1885,0.118,-0.1276,-0.1622,0.0965,-0.0667,0.0935,-0.3953,-0.376,-0.0239
29,"train","laying",0.2873,-0.0172,-0.1095,-0.9842,-0.9902,-0.9873,-0.9847,-0.9899,-0.9866,-0.9254,-0.5712,-0.8205,0.844,0.6904,0.8398,-0.9865,-0.9989,-0.9999,-0.9993,-0.9853,-0.9907,-0.9854,-0.5009,-0.6796,-0.5942,0.1222,-0.0817,0.0349,0.2736,0.3553,-0.1635,0.2534,0.0491,0.3636,-0.1417,0.1219,0.0097,-0.2391,-0.0021,-0.0645
29,"train","sitting",0.2772,-0.0166,-0.1104,-0.9907,-0.9632,-0.9681,-0.9917,-0.9627,-0.9676,-0.9335,-0.5537,-0.8081,0.8448,0.6809,0.8289,-0.9778,-0.9997,-0.9982,-0.9968,-0.9929,-0.9696,-0.9701,-0.5962,-0.5621,-0.5013,0.2202,-0.1247,0.0622,0.1016,0.1658,-0.0946,0.1323,0.0567,0.254,-0.1292,0.1142,-0.0819,-0.3775,-0.334,0.3508
29,"train","standing",0.278,-0.0173,-0.1087,-0.9961,-0.9693,-0.9802,-0.9967,-0.9694,-0.9796,-0.9395,-0.5572,-0.8122,0.8481,0.6803,0.838,-0.9847,-1,-0.9995,-0.9993,-0.9969,-0.9744,-0.9784,-0.6833,-0.5205,-0.5032,0.318,-0.1381,0.1396,0.0951,0.1375,-0.162,0.2687,-0.0424,0.2673,-0.1343,0.0881,-0.0795,-0.1485,-0.0995,0.3908
29,"train","walking",0.272,-0.0163,-0.1066,-0.1743,-0.0918,-0.2428,-0.204,-0.1364,-0.2658,0.0208,-0.0536,0.0187,0.1677,0.0474,0.4492,-0.1072,-0.6553,-0.8387,-0.7369,-0.2702,-0.3388,-0.3802,0.4174,0.1962,0.0169,-0.2347,0.1632,-0.1827,0.3586,0.0476,0.0697,0.0372,0.0829,0.0587,0.0921,-0.2607,0.1594,-0.1196,0.0491,0.4638
29,"train","walking downstairs",0.2931,-0.0149,-0.0981,0.1674,-0.1225,-0.2232,0.0959,-0.2023,-0.2302,0.4574,0.0179,-0.1984,0.0094,0.0267,0.3003,0.0544,-0.3123,-0.8452,-0.7168,-0.114,-0.4378,-0.2675,0.2289,0.2338,0.1821,-0.2974,0.1664,-0.1133,0.2762,-0.0233,0.1377,0.071,0.0335,0.0022,0.0402,0.0168,-0.0496,-0.3117,0.044,-0.0435
29,"train","walking upstairs",0.2654,-0.0299,-0.118,-0.0868,-0.1221,0.0995,-0.1845,-0.1248,0.1105,0.2668,-0.0656,-0.0064,0.2313,0.2252,0.3643,0.0173,-0.5784,-0.8453,-0.448,-0.4104,-0.2978,-0.0325,0.2975,0.1659,-0.0545,-0.5145,0.432,-0.2538,0.1934,-0.2052,0.1335,0.088,0.0834,-0.2401,0.0636,-0.1328,0.2903,-0.279,-0.0936,-0.0301
30,"train","laying",0.281,-0.0194,-0.1037,-0.9764,-0.9542,-0.967,-0.9801,-0.9578,-0.969,-0.9129,-0.546,-0.7988,0.8188,0.6686,0.8261,-0.9685,-0.9992,-0.9983,-0.9975,-0.9849,-0.9701,-0.973,-0.3656,-0.5596,-0.4412,0.0039,-0.0357,0.0181,0.167,0.1334,-0.1066,0.2081,0.1285,0.2544,-0.1013,0.0788,0.0317,0.009,-0.2494,-0.3048
30,"train","sitting",0.2683,-0.008,-0.0995,-0.9836,-0.9379,-0.9507,-0.9848,-0.9369,-0.9488,-0.9322,-0.5305,-0.7904,0.8306,0.6787,0.8291,-0.9554,-0.9985,-0.9922,-0.9921,-0.9864,-0.9485,-0.9504,-0.5335,-0.4921,-0.4676,0.0809,-0.0582,0.0486,0.1293,0.0635,-0.0688,0.1709,0.055,0.1401,-0.0985,0.1143,-0.0594,-0.1264,-0.3283,0.1667
30,"train","standing",0.2771,-0.017,-0.1088,-0.9776,-0.8917,-0.9129,-0.9851,-0.8928,-0.9109,-0.8984,-0.5166,-0.7738,0.8142,0.6392,0.7915,-0.9337,-0.9993,-0.9951,-0.9886,-0.9917,-0.9147,-0.9074,-0.4828,-0.2751,-0.3158,0.0867,-0.0062,0.0411,0.2285,-0.0388,-0.0816,0.2063,0.0235,0.1058,-0.0817,0.0483,-0.0588,0.0136,-0.203,0.2698
30,"train","walking",0.2764,-0.0176,-0.0986,-0.3464,-0.1736,-0.1205,-0.4059,-0.1901,-0.1278,-0.0462,-0.1161,-0.2054,0.2644,0.2419,0.3038,-0.1984,-0.782,-0.8662,-0.6484,-0.4985,-0.3851,-0.1709,0.3328,0.2116,0.0773,-0.3616,0.3057,-0.2402,0.2914,-0.1237,0.1219,0.1646,-0.1108,-0.145,0.1243,-0.0485,-0.062,-0.1345,-0.1193,-0.1423
30,"train","walking downstairs",0.2832,-0.0174,-0.1,-0.0578,-0.0273,-0.2173,-0.1316,-0.0817,-0.1984,0.3487,-0.059,-0.234,0.189,-0.0261,0.2908,-0.0289,-0.5411,-0.8118,-0.7119,-0.3459,-0.3081,-0.1882,0.0843,0.2962,0.2097,-0.3378,0.2142,-0.1773,0.3235,-0.2035,0.1742,0.1005,0.0135,-0.0632,0.1148,-0.0797,0.0244,-0.4281,-0.1321,-0.045
30,"train","walking upstairs",0.2714,-0.0253,-0.1247,-0.3505,-0.1273,0.0249,-0.4212,-0.1377,0.0819,-0.0487,-0.0664,-0.2215,0.356,0.2632,0.3599,-0.1215,-0.7821,-0.8464,-0.5096,-0.5831,-0.3357,0.1321,0.2191,0.1416,0.0146,-0.5187,0.3569,-0.1522,0.1403,-0.3365,0.2132,-0.0031,0.0958,-0.3909,0.1982,-0.1843,0.2005,-0.2036,-0.2412,-0.3217
