"subject id","group","activity","tBodyAcc-X","tBodyAcc-Y","tBodyAcc-Z","tGravityAcc-X","tGravityAcc-Y","tGravityAcc-Z","tBodyAccJerk-X","tBodyAccJerk-Y","tBodyAccJerk-Z","tBodyGyro-X","tBodyGyro-Y","tBodyGyro-Z","tBodyGyroJerk-X","tBodyGyroJerk-Y","tBodyGyroJerk-Z","tBodyAccMag","tGravityAccMag","tBodyAccJerkMag","tBodyGyroMag","tBodyGyroJerkMag","fBodyAcc-X","fBodyAcc-Y","fBodyAcc-Z","fBodyAccJerk-X","fBodyAccJerk-Y","fBodyAccJerk-Z","fBodyGyro-X","fBodyGyro-Y","fBodyGyro-Z","fBodyAccMag","fBodyBodyAccJerkMag","fBodyBodyGyroMag","fBodyBodyGyroJerkMag"
1,"train","laying",-0.9281,-0.8368,-0.8261,-0.8968,-0.9077,-0.8524,-0.9585,-0.9241,-0.9549,-0.8735,-0.9511,-0.9083,-0.9186,-0.9679,-0.9578,-0.7951,-0.7951,-0.9282,-0.819,-0.9358,-0.9244,-0.8336,-0.8129,-0.9642,-0.9322,-0.9606,-0.8823,-0.9512,-0.9166,-0.7983,-0.9218,-0.8243,-0.9327
1,"train","sitting",-0.9772,-0.9226,-0.9396,-0.9685,-0.9355,-0.949,-0.9864,-0.9814,-0.9879,-0.9772,-0.9665,-0.9414,-0.9917,-0.9895,-0.9879,-0.9271,-0.9271,-0.9841,-0.9345,-0.9883,-0.9764,-0.9173,-0.9345,-0.9875,-0.9825,-0.9883,-0.9779,-0.9623,-0.9439,-0.9284,-0.9816,-0.9322,-0.987
1,"train","standing",-0.9958,-0.9732,-0.9798,-0.9938,-0.9812,-0.9763,-0.9946,-0.9856,-0.9923,-0.9872,-0.9877,-0.9806,-0.9929,-0.9951,-0.9921,-0.9819,-0.9819,-0.9931,-0.9787,-0.9947,-0.996,-0.9723,-0.9779,-0.9951,-0.987,-0.9923,-0.9875,-0.9871,-0.9823,-0.9823,-0.9925,-0.9785,-0.9947
1,"train","walking",-0.2837,0.1145,-0.26,-0.9766,-0.9713,-0.9477,-0.1136,0.067,-0.5027,-0.4735,-0.0546,-0.3443,-0.2074,-0.3045,-0.4043,-0.2197,-0.2197,-0.0745,-0.187,-0.3253,-0.3191,0.056,-0.2797,-0.1336,0.1067,-0.5347,-0.5167,-0.0335,-0.4366,-0.398,-0.1035,-0.321,-0.3816
1,"train","walking downstairs",0.03,-0.0319,-0.2304,-0.9506,-0.937,-0.8959,-0.0123,-0.1016,-0.3457,-0.458,-0.1263,-0.1247,-0.487,-0.2388,-0.2688,0.0199,0.0199,-0.0258,-0.2257,-0.3065,0.0243,-0.113,-0.2979,-0.0863,-0.1346,-0.4017,-0.4954,-0.1814,-0.2384,-0.1865,-0.1041,-0.3984,-0.3919
1,"train","walking upstairs",-0.3547,-0.0023,-0.0195,-0.9564,-0.9528,-0.9124,-0.4468,-0.3783,-0.7066,-0.5449,0.0041,-0.5072,-0.6148,-0.6017,-0.6063,-0.325,-0.325,-0.479,-0.1486,-0.6486,-0.3374,0.0218,0.086,-0.4619,-0.3818,-0.726,-0.5659,0.1515,-0.5717,-0.4163,-0.5331,-0.183,-0.6939
2,"test","laying",-0.9741,-0.9803,-0.9842,-0.959,-0.9882,-0.9842,-0.9859,-0.9832,-0.9884,-0.9883,-0.9823,-0.9603,-0.9932,-0.9896,-0.988,-0.9729,-0.9729,-0.9855,-0.9612,-0.9897,-0.9732,-0.981,-0.9848,-0.9873,-0.985,-0.9893,-0.9889,-0.9819,-0.9632,-0.9751,-0.9846,-0.9611,-0.9895
2,"test","sitting",-0.9868,-0.9507,-0.9598,-0.98,-0.9568,-0.9544,-0.9881,-0.978,-0.9875,-0.9857,-0.9789,-0.9598,-0.9897,-0.9909,-0.9855,-0.9531,-0.9531,-0.9845,-0.9613,-0.9896,-0.9874,-0.9501,-0.9569,-0.9895,-0.9808,-0.9886,-0.9868,-0.9774,-0.9635,-0.9556,-0.9841,-0.9614,-0.9896
2,"test","standing",-0.9873,-0.9573,-0.9497,-0.9867,-0.9742,-0.9459,-0.9811,-0.9711,-0.9828,-0.973,-0.9714,-0.9649,-0.9793,-0.9834,-0.9736,-0.9579,-0.9579,-0.9767,-0.9539,-0.9772,-0.9891,-0.9579,-0.9464,-0.983,-0.9735,-0.9846,-0.975,-0.971,-0.9698,-0.9605,-0.9752,-0.9568,-0.9778
2,"test","walking",-0.4236,-0.0781,-0.4253,-0.9727,-0.9721,-0.9721,-0.2775,-0.0166,-0.5861,-0.5616,-0.5385,-0.4811,-0.3895,-0.6341,-0.4355,-0.4225,-0.4225,-0.1642,-0.553,-0.5578,-0.4577,-0.1692,-0.4552,-0.3143,-0.0153,-0.6159,-0.6041,-0.533,-0.5599,-0.5771,-0.1641,-0.6518,-0.5581
2,"test","walking downstairs",0.0464,0.2629,-0.1028,-0.9404,-0.9401,-0.9314,0.1472,0.1268,-0.3401,-0.3208,-0.4157,-0.2794,-0.2439,-0.4694,-0.2183,0.2156,0.2156,0.2296,-0.2748,-0.3432,0.0161,0.172,-0.162,0.05,0.0808,-0.4082,-0.3794,-0.4587,-0.423,-0.0215,0.2275,-0.3726,-0.3437
2,"test","walking upstairs",-0.3044,0.108,-0.1121,-0.9344,-0.9238,-0.878,-0.2761,-0.1856,-0.5737,-0.4393,-0.4663,-0.164,-0.4649,-0.6455,-0.4676,-0.206,-0.206,-0.2174,-0.3775,-0.5973,-0.3206,0.0849,-0.0945,-0.3654,-0.2436,-0.6251,-0.4764,-0.4598,-0.2181,-0.3667,-0.2604,-0.4386,-0.6218
3,"train","laying",-0.9828,-0.9621,-0.9637,-0.9825,-0.9812,-0.9648,-0.9809,-0.9687,-0.9821,-0.9745,-0.9773,-0.9635,-0.9803,-0.9868,-0.9833,-0.9642,-0.9642,-0.9761,-0.9543,-0.9831,-0.9837,-0.9641,-0.9633,-0.9831,-0.971,-0.9837,-0.976,-0.977,-0.9673,-0.9684,-0.9753,-0.9554,-0.9826
3,"train","sitting",-0.971,-0.8566,-0.8751,-0.9573,-0.9039,-0.8977,-0.9745,-0.9536,-0.9747,-0.9654,-0.9449,-0.9264,-0.9725,-0.9786,-0.9738,-0.8703,-0.8703,-0.9666,-0.9255,-0.9768,-0.9716,-0.8497,-0.8643,-0.9763,-0.9565,-0.9772,-0.968,-0.9396,-0.9306,-0.8746,-0.9666,-0.9254,-0.9767
3,"train","standing",-0.9667,-0.8934,-0.9114,-0.982,-0.9574,-0.9282,-0.9571,-0.9417,-0.9731,-0.9005,-0.9278,-0.9124,-0.9409,-0.9684,-0.9583,-0.9151,-0.9151,-0.9488,-0.8821,-0.9577,-0.9699,-0.8924,-0.9048,-0.9606,-0.9439,-0.9756,-0.902,-0.9231,-0.9197,-0.9218,-0.9482,-0.8834,-0.9571
3,"train","walking",-0.3604,-0.0699,-0.3874,-0.9778,-0.9624,-0.9521,-0.2687,-0.045,-0.5295,-0.5719,-0.5638,-0.4767,-0.3859,-0.6391,-0.5367,-0.3284,-0.3284,-0.1399,-0.5615,-0.5674,-0.3793,-0.124,-0.423,-0.2966,-0.0056,-0.5435,-0.6151,-0.5689,-0.5459,-0.4564,-0.0899,-0.6326,-0.5491
3,"train","walking downstairs",-0.0574,-0.0332,-0.3622,-0.9501,-0.9461,-0.8999,-0.0858,-0.1114,-0.5717,-0.2617,-0.5467,-0.4423,-0.2857,-0.6809,-0.3746,-0.0411,-0.0411,-0.0926,-0.2458,-0.5839,-0.0654,-0.1097,-0.3897,-0.1654,-0.1477,-0.6135,-0.3086,-0.5531,-0.5482,-0.2338,-0.1591,-0.3224,-0.6249
3,"train","walking upstairs",-0.3131,0.0116,-0.3698,-0.944,-0.9098,-0.9095,-0.4584,-0.2517,-0.7086,-0.456,-0.5827,-0.4923,-0.5073,-0.7758,-0.5734,-0.3336,-0.3336,-0.439,-0.4089,-0.718,-0.2853,-0.008,-0.3508,-0.4864,-0.2682,-0.7387,-0.4848,-0.556,-0.5611,-0.448,-0.4806,-0.4452,-0.74
4,"test","laying",-0.9542,-0.9417,-0.9627,-0.9212,-0.9698,-0.9762,-0.9783,-0.9422,-0.9785,-0.9731,-0.9611,-0.9621,-0.9751,-0.9869,-0.984,-0.9313,-0.9313,-0.9608,-0.947,-0.9827,-0.9525,-0.9464,-0.9622,-0.9801,-0.9444,-0.9803,-0.9751,-0.9562,-0.9658,-0.9372,-0.958,-0.9471,-0.9825
4,"test","sitting",-0.9803,-0.8902,-0.9322,-0.9814,-0.9327,-0.9509,-0.9767,-0.9446,-0.979,-0.9701,-0.9585,-0.928,-0.9699,-0.9844,-0.9688,-0.9144,-0.9144,-0.9625,-0.9289,-0.9758,-0.9819,-0.8895,-0.927,-0.9788,-0.9493,-0.9817,-0.9733,-0.9541,-0.9329,-0.9198,-0.9616,-0.9289,-0.9763
4,"test","standing",-0.9769,-0.8616,-0.8969,-0.9729,-0.9176,-0.8994,-0.9726,-0.9384,-0.9731,-0.9097,-0.9492,-0.91,-0.9496,-0.9761,-0.958,-0.891,-0.891,-0.9582,-0.8851,-0.9643,-0.9787,-0.8574,-0.8876,-0.9757,-0.9441,-0.9762,-0.9125,-0.9458,-0.9167,-0.8953,-0.96,-0.8872,-0.9664
4,"test","walking",-0.4408,-0.0788,-0.5863,-0.9838,-0.968,-0.963,-0.297,-0.2212,-0.7514,-0.5009,-0.6654,-0.6626,-0.4923,-0.8074,-0.6405,-0.5277,-0.5277,-0.3169,-0.5531,-0.7301,-0.4472,-0.1018,-0.5942,-0.2973,-0.2099,-0.7724,-0.5426,-0.6547,-0.7165,-0.6512,-0.3205,-0.5939,-0.7578
4,"test","walking downstairs",0.0112,-0.2186,-0.4792,-0.9553,-0.9321,-0.9378,-0.1458,-0.1462,-0.6266,-0.3702,-0.6995,-0.4985,-0.396,-0.8169,-0.3258,-0.082,-0.082,-0.2169,-0.3806,-0.6371,0.039,-0.3225,-0.5127,-0.2083,-0.1772,-0.6689,-0.4149,-0.6915,-0.6217,-0.2636,-0.2804,-0.4577,-0.6855
4,"test","walking upstairs",-0.2049,-0.0667,-0.3721,-0.9585,-0.9234,-0.9196,-0.3805,-0.2815,-0.7265,-0.4544,-0.5512,-0.3608,-0.5337,-0.8407,-0.5562,-0.212,-0.212,-0.4373,-0.511,-0.7553,-0.1732,-0.1014,-0.3451,-0.3968,-0.3145,-0.7628,-0.4835,-0.4898,-0.4245,-0.301,-0.4973,-0.5525,-0.7942
5,"train","laying",-0.9659,-0.9693,-0.9686,-0.9457,-0.986,-0.9771,-0.9833,-0.9646,-0.9854,-0.9795,-0.9774,-0.9606,-0.9834,-0.9838,-0.9897,-0.9586,-0.9586,-0.9775,-0.9583,-0.9838,-0.965,-0.9729,-0.9659,-0.9856,-0.9662,-0.9861,-0.9807,-0.9773,-0.9633,-0.9625,-0.9764,-0.9593,-0.9834
5,"train","sitting",-0.9809,-0.9043,-0.9261,-0.9831,-0.9399,-0.945,-0.9752,-0.9528,-0.9734,-0.9662,-0.9501,-0.9406,-0.966,-0.9754,-0.9649,-0.9209,-0.9209,-0.9658,-0.9314,-0.9704,-0.9826,-0.9023,-0.9218,-0.9765,-0.9545,-0.976,-0.9694,-0.9476,-0.9473,-0.9257,-0.9665,-0.9347,-0.9707
5,"train","standing",-0.9686,-0.8694,-0.8693,-0.9741,-0.932,-0.9146,-0.9626,-0.9312,-0.9638,-0.9104,-0.9337,-0.9075,-0.9419,-0.9612,-0.9448,-0.8798,-0.8798,-0.943,-0.867,-0.948,-0.9707,-0.8679,-0.8582,-0.9658,-0.9362,-0.9681,-0.9128,-0.9319,-0.9168,-0.8867,-0.9436,-0.8689,-0.9462
5,"train","walking",-0.2941,0.0767,-0.457,-0.9793,-0.9616,-0.9646,-0.3029,-0.091,-0.6129,-0.4909,-0.5046,-0.3187,-0.3577,-0.5714,-0.1577,-0.3772,-0.3772,-0.2822,-0.4922,-0.4892,-0.2975,0.0426,-0.4831,-0.3214,-0.0545,-0.6334,-0.5294,-0.5027,-0.4204,-0.5196,-0.3057,-0.5897,-0.4557
5,"train","walking downstairs",0.275,0.0908,-0.3259,-0.9505,-0.9124,-0.9272,0.0322,0.0474,-0.5227,-0.4606,-0.4091,-0.2279,-0.4113,-0.5146,-0.0344,0.2054,0.2054,-0.0293,-0.3607,-0.4503,0.3366,0.0268,-0.3534,0.0111,0.0902,-0.5512,-0.5149,-0.4316,-0.3747,0.0429,-0.0897,-0.4841,-0.4871
5,"train","walking upstairs",-0.0457,0.185,-0.3089,-0.9536,-0.9005,-0.9214,-0.2239,-0.125,-0.6384,-0.4433,-0.4403,-0.2655,-0.3052,-0.6318,-0.2822,-0.1367,-0.1367,-0.3102,-0.3547,-0.558,-0.0047,0.165,-0.2893,-0.2253,-0.1053,-0.6688,-0.5017,-0.4035,-0.3804,-0.2541,-0.3786,-0.4404,-0.5725
6,"train","laying",-0.934,-0.9246,-0.9252,-0.8877,-0.9592,-0.9281,-0.9663,-0.9337,-0.9596,-0.9554,-0.9436,-0.9391,-0.9396,-0.9586,-0.9596,-0.8973,-0.8973,-0.9503,-0.9209,-0.9532,-0.9325,-0.9297,-0.924,-0.9686,-0.9357,-0.9636,-0.9622,-0.9454,-0.9471,-0.9054,-0.9516,-0.9287,-0.9555
6,"train","sitting",-0.9802,-0.9237,-0.9258,-0.9889,-0.9609,-0.9555,-0.9699,-0.9451,-0.9586,-0.9574,-0.9441,-0.9397,-0.9437,-0.9618,-0.9588,-0.9316,-0.9316,-0.9482,-0.9213,-0.9502,-0.9825,-0.9257,-0.9258,-0.9715,-0.9469,-0.9616,-0.9634,-0.9449,-0.9473,-0.9395,-0.9473,-0.9295,-0.9512
6,"train","standing",-0.9818,-0.9215,-0.9257,-0.9856,-0.9684,-0.9428,-0.9731,-0.9494,-0.9675,-0.9476,-0.9425,-0.9478,-0.9464,-0.9624,-0.9628,-0.9393,-0.9393,-0.9561,-0.9159,-0.9525,-0.9841,-0.9214,-0.9221,-0.9752,-0.9507,-0.9699,-0.9528,-0.9425,-0.9545,-0.9446,-0.9554,-0.9231,-0.9521
6,"train","walking",-0.2965,0.1642,-0.5043,-0.9778,-0.9642,-0.9572,-0.1328,0.0081,-0.5758,-0.446,-0.3317,-0.3831,-0.1826,-0.4164,-0.1667,-0.2667,-0.2667,-0.0706,-0.3656,-0.3647,-0.3452,0.1017,-0.5505,-0.1927,0.0314,-0.6086,-0.5153,-0.332,-0.5122,-0.4217,-0.0965,-0.5106,-0.4081
6,"train","walking downstairs",0.3837,0.3602,-0.3202,-0.9544,-0.9336,-0.9344,0.1653,0.2765,-0.3368,-0.1983,-0.1892,-0.0941,0.0393,-0.1935,0.1932,0.3736,0.3736,0.2095,-0.0426,-0.1112,0.4034,0.2832,-0.406,0.0887,0.3412,-0.3891,-0.2867,-0.2355,-0.2757,0.1446,0.1548,-0.2424,-0.1457
6,"train","walking upstairs",-0.0501,0.1893,-0.3535,-0.9594,-0.9129,-0.9062,-0.1803,-0.0414,-0.5608,-0.322,-0.3158,-0.1839,-0.1868,-0.4865,-0.1708,-0.0792,-0.0792,-0.17,-0.1999,-0.4401,-0.0211,0.1591,-0.3659,-0.1868,-0.017,-0.5717,-0.3902,-0.3136,-0.31,-0.2222,-0.1777,-0.3182,-0.4559
7,"train","laying",-0.9365,-0.9263,-0.953,-0.9142,-0.9555,-0.9619,-0.981,-0.9731,-0.973,-0.9601,-0.9451,-0.9553,-0.9738,-0.9765,-0.9889,-0.907,-0.907,-0.9673,-0.9187,-0.9712,-0.9311,-0.9229,-0.9534,-0.9836,-0.9759,-0.9751,-0.9623,-0.9397,-0.9589,-0.9105,-0.9654,-0.9189,-0.9694
7,"train","sitting",-0.9727,-0.9095,-0.8565,-0.9571,-0.9454,-0.8686,-0.9822,-0.9695,-0.9723,-0.9419,-0.9441,-0.937,-0.9744,-0.981,-0.981,-0.882,-0.882,-0.9702,-0.8981,-0.9762,-0.9729,-0.9046,-0.8441,-0.984,-0.9718,-0.9747,-0.9427,-0.9382,-0.9398,-0.8869,-0.9685,-0.8958,-0.975
7,"train","standing",-0.9793,-0.9234,-0.9171,-0.9879,-0.9662,-0.9392,-0.9764,-0.9658,-0.9721,-0.9452,-0.9496,-0.9516,-0.966,-0.9768,-0.9782,-0.9336,-0.9336,-0.9686,-0.9184,-0.9721,-0.9805,-0.9191,-0.9124,-0.9787,-0.9669,-0.9745,-0.9479,-0.9458,-0.9543,-0.9373,-0.9691,-0.9198,-0.9719
7,"train","walking",-0.3272,-0.0773,0.1596,-0.9799,-0.9694,-0.9522,-0.346,-0.0547,-0.1495,-0.5033,-0.2311,-0.396,-0.2117,-0.1741,-0.4583,-0.1986,-0.1986,-0.0276,-0.1983,-0.0953,-0.322,-0.1437,0.1333,-0.3653,-0.0432,-0.1908,-0.5636,-0.2909,-0.4633,-0.3517,-0.0221,-0.3439,-0.0842
7,"train","walking downstairs",0.0661,-0.1382,-0.0636,-0.9649,-0.9527,-0.9288,0.0285,-0.2963,-0.3471,-0.4077,-0.2926,-0.4011,-0.5107,-0.2995,-0.4252,0.2145,0.2145,0.0902,-0.2598,-0.2948,0.073,-0.1902,-0.1001,-0.0043,-0.3244,-0.3978,-0.4327,-0.3517,-0.4951,0.0214,0.1079,-0.3969,-0.3535
7,"train","walking upstairs",-0.2949,-0.3262,-0.1457,-0.9328,-0.9398,-0.8817,-0.4152,-0.5199,-0.6078,-0.3639,-0.573,-0.349,-0.6168,-0.6712,-0.6822,-0.3347,-0.3347,-0.4713,-0.4181,-0.6764,-0.2799,-0.341,-0.1249,-0.427,-0.5342,-0.6319,-0.3686,-0.58,-0.3931,-0.4153,-0.4974,-0.445,-0.7041
8,"train","laying",-0.943,-0.9349,-0.9325,-0.9189,-0.958,-0.9418,-0.9733,-0.9765,-0.9661,-0.9652,-0.952,-0.9676,-0.9699,-0.9742,-0.9876,-0.9133,-0.9133,-0.963,-0.9325,-0.969,-0.9401,-0.9312,-0.9311,-0.976,-0.9792,-0.9687,-0.9678,-0.9503,-0.9707,-0.9173,-0.9638,-0.9368,-0.9718
8,"train","sitting",-0.979,-0.9273,-0.9396,-0.9668,-0.9375,-0.9355,-0.9852,-0.9808,-0.9853,-0.9845,-0.9715,-0.9596,-0.9933,-0.9889,-0.9852,-0.9299,-0.9299,-0.9807,-0.953,-0.9868,-0.9783,-0.9238,-0.9339,-0.9869,-0.983,-0.9862,-0.9853,-0.9689,-0.9626,-0.9317,-0.9793,-0.9533,-0.9861
8,"train","standing",-0.9888,-0.9385,-0.9261,-0.9877,-0.9589,-0.9183,-0.9892,-0.9764,-0.9826,-0.973,-0.9694,-0.9741,-0.9816,-0.9855,-0.9893,-0.9372,-0.9372,-0.9799,-0.9532,-0.9825,-0.9892,-0.9362,-0.9197,-0.9904,-0.9786,-0.9845,-0.9742,-0.9681,-0.976,-0.9386,-0.9791,-0.9541,-0.9818
8,"train","walking",-0.1736,0.3808,-0.1421,-0.9748,-0.9568,-0.9566,-0.2587,0.234,-0.3832,-0.1992,-0.212,-0.0754,-0.2461,-0.4281,-0.3884,-0.1804,-0.1804,-0.1846,-0.2387,-0.503,-0.1484,0.3248,-0.1584,-0.2714,0.3159,-0.4045,-0.2343,-0.1908,-0.143,-0.3608,-0.2764,-0.3275,-0.5812
8,"train","walking downstairs",0.0241,0.3438,0.1337,-0.9458,-0.9416,-0.8972,0.2501,0.2881,-0.0135,-0.2584,0.0243,-0.1296,-0.2679,-0.0705,-0.1896,0.1313,0.1313,0.2534,-0.0466,-0.1575,-0.026,0.2322,0.0215,0.1727,0.2739,-0.0847,-0.3027,-0.0461,-0.2683,-0.1561,0.1347,-0.2556,-0.263
8,"train","walking upstairs",-0.1717,0.3488,0.1212,-0.9267,-0.931,-0.8762,-0.1866,-0.0124,-0.4475,-0.3674,-0.0667,0.3375,-0.4051,-0.4247,-0.4304,-0.2272,-0.2272,-0.2283,-0.1093,-0.494,-0.1753,0.3054,0.1338,-0.2473,-0.0701,-0.5082,-0.41,-0.0479,0.2632,-0.4093,-0.3793,-0.1833,-0.5757
9,"test","laying",-0.9423,-0.9163,-0.9407,-0.9218,-0.97,-0.9712,-0.9647,-0.964,-0.9586,-0.9422,-0.9266,-0.9616,-0.9453,-0.9622,-0.9771,-0.9151,-0.9151,-0.955,-0.8986,-0.9528,-0.941,-0.9128,-0.942,-0.9686,-0.9666,-0.9597,-0.9464,-0.9231,-0.9657,-0.9219,-0.9551,-0.9034,-0.9523
9,"test","sitting",-0.9572,-0.8751,-0.832,-0.9553,-0.9465,-0.8859,-0.9645,-0.9568,-0.9619,-0.959,-0.9192,-0.9302,-0.9645,-0.9719,-0.9687,-0.8638,-0.8638,-0.9518,-0.9066,-0.9664,-0.9569,-0.8676,-0.818,-0.9667,-0.9585,-0.9649,-0.9618,-0.9106,-0.9342,-0.8692,-0.9494,-0.9065,-0.966
9,"test","standing",-0.9757,-0.9386,-0.9193,-0.9891,-0.9726,-0.9322,-0.97,-0.9638,-0.9706,-0.922,-0.946,-0.9399,-0.9491,-0.975,-0.9697,-0.9361,-0.9361,-0.9638,-0.9083,-0.9653,-0.9776,-0.9388,-0.9139,-0.9713,-0.9682,-0.9726,-0.9247,-0.942,-0.9449,-0.9403,-0.9636,-0.9109,-0.9648
9,"test","walking",-0.2384,-0.2017,-0.058,-0.981,-0.9712,-0.9555,-0.2067,-0.2769,-0.4098,-0.4762,-0.4671,-0.2657,-0.527,-0.5492,-0.4579,-0.3794,-0.3794,-0.3171,-0.4897,-0.5999,-0.218,-0.224,-0.0338,-0.1702,-0.2284,-0.4191,-0.5074,-0.491,-0.3424,-0.5139,-0.3223,-0.5627,-0.6244
9,"test","walking downstairs",0.2134,-0.2083,-0.0077,-0.9521,-0.9363,-0.8766,0.0176,-0.3094,-0.3595,-0.3964,-0.3408,-0.2797,-0.5097,-0.4486,-0.4172,0.2651,0.2651,0.0399,-0.3223,-0.4559,0.2505,-0.2736,-0.0349,0.0094,-0.356,-0.4254,-0.4236,-0.3643,-0.3566,0.0889,0.0706,-0.4242,-0.4852
9,"test","walking upstairs",-0.3614,-0.3022,-0.2534,-0.9544,-0.9013,-0.8941,-0.3353,-0.5861,-0.6473,-0.344,-0.4009,-0.1382,-0.6604,-0.7086,-0.6571,-0.4002,-0.4002,-0.4455,-0.4258,-0.7487,-0.3698,-0.2976,-0.2441,-0.3274,-0.5901,-0.6778,-0.3616,-0.352,-0.1656,-0.5099,-0.4849,-0.4568,-0.7878
10,"test","laying",-0.9683,-0.9465,-0.9595,-0.9545,-0.9667,-0.963,-0.978,-0.9669,-0.9763,-0.9617,-0.9537,-0.9719,-0.9659,-0.9666,-0.9839,-0.9403,-0.9403,-0.9676,-0.9275,-0.9596,-0.968,-0.9462,-0.9598,-0.9789,-0.9681,-0.9786,-0.9645,-0.9535,-0.9753,-0.9443,-0.9654,-0.9337,-0.9608
10,"test","sitting",-0.9829,-0.918,-0.9678,-0.9731,-0.9357,-0.9669,-0.9889,-0.9808,-0.9883,-0.9889,-0.9844,-0.9604,-0.9923,-0.9926,-0.9903,-0.9397,-0.9397,-0.9852,-0.9631,-0.9917,-0.9822,-0.9128,-0.9661,-0.9896,-0.982,-0.9891,-0.9897,-0.9836,-0.9624,-0.9415,-0.9833,-0.9625,-0.9914
10,"test","standing",-0.9784,-0.9196,-0.9413,-0.9913,-0.9754,-0.9596,-0.9643,-0.9413,-0.9764,-0.9299,-0.9589,-0.9537,-0.9504,-0.9764,-0.9691,-0.9373,-0.9373,-0.9521,-0.9205,-0.9644,-0.9829,-0.9219,-0.9381,-0.9686,-0.9448,-0.9794,-0.9323,-0.9584,-0.9589,-0.945,-0.9521,-0.923,-0.9651
10,"test","walking",-0.1787,-0.0227,-0.3956,-0.9744,-0.9711,-0.9579,-0.0522,0.0751,-0.5117,-0.4142,-0.2509,-0.1745,-0.3661,-0.5097,-0.3291,-0.1856,-0.1856,0.0376,-0.402,-0.501,-0.2064,-0.1298,-0.4353,-0.0792,0.0485,-0.5585,-0.4583,-0.2044,-0.2733,-0.3705,0.0502,-0.4998,-0.5177
10,"test","walking downstairs",0.2957,0.0041,-0.1836,-0.9393,-0.937,-0.9021,0.2233,-0.105,-0.3182,-0.3047,-0.3114,-0.0353,-0.417,-0.4717,-0.2271,0.157,0.157,0.1109,-0.2804,-0.4941,0.325,-0.0633,-0.2687,0.1569,-0.1534,-0.3961,-0.3395,-0.3432,-0.1504,-0.0617,0.038,-0.3878,-0.545
10,"test","walking upstairs",-0.1616,-0.0056,-0.0739,-0.9592,-0.937,-0.8647,-0.1872,-0.1778,-0.6075,-0.3085,0.0412,-0.3205,-0.4273,-0.6046,-0.4822,-0.2115,-0.2115,-0.226,-0.1131,-0.6183,-0.172,-0.0516,-0.0342,-0.2476,-0.2028,-0.6629,-0.3413,0.1717,-0.4038,-0.3614,-0.3344,-0.167,-0.6713
11,"train","laying",-0.9848,-0.9722,-0.9713,-0.9796,-0.9908,-0.9842,-0.9853,-0.9728,-0.9821,-0.9808,-0.9824,-0.9599,-0.9817,-0.9908,-0.9865,-0.9729,-0.9729,-0.9765,-0.9547,-0.9845,-0.9853,-0.9736,-0.9717,-0.9871,-0.9735,-0.9833,-0.9824,-0.9827,-0.9632,-0.976,-0.9751,-0.9548,-0.9836
11,"train","sitting",-0.9828,-0.9214,-0.9684,-0.9881,-0.9498,-0.9717,-0.9803,-0.9668,-0.9834,-0.9882,-0.9822,-0.9528,-0.9905,-0.9886,-0.981,-0.9446,-0.9446,-0.9745,-0.96,-0.9863,-0.9834,-0.92,-0.9679,-0.9816,-0.9684,-0.9843,-0.9892,-0.9821,-0.9568,-0.9485,-0.9723,-0.9607,-0.9856
11,"train","standing",-0.995,-0.9642,-0.9864,-0.9945,-0.981,-0.9894,-0.9925,-0.9794,-0.9901,-0.9802,-0.9942,-0.9806,-0.9867,-0.9956,-0.9907,-0.9803,-0.9803,-0.9889,-0.9771,-0.9926,-0.9956,-0.9635,-0.986,-0.9934,-0.9812,-0.9904,-0.981,-0.9944,-0.9823,-0.9815,-0.988,-0.9774,-0.9923
11,"train","walking",-0.4228,-0.0522,-0.5306,-0.9811,-0.9662,-0.9609,-0.4285,-0.1814,-0.7207,-0.5963,-0.4996,-0.4342,-0.5416,-0.738,-0.5511,-0.4877,-0.4877,-0.4031,-0.5584,-0.7537,-0.4337,-0.0966,-0.5231,-0.4539,-0.1702,-0.7476,-0.6232,-0.4537,-0.4986,-0.5845,-0.4174,-0.5997,-0.7736
11,"train","walking downstairs",0.1425,0.0708,-0.324,-0.9545,-0.9263,-0.9258,-0.0834,-0.1268,-0.5797,-0.3741,-0.4959,-0.319,-0.5344,-0.6846,-0.4806,0.0508,0.0508,-0.127,-0.3393,-0.6778,0.1799,0.0263,-0.3486,-0.1283,-0.1304,-0.6289,-0.3977,-0.4811,-0.3972,-0.1371,-0.1737,-0.3806,-0.7142
11,"train","walking upstairs",-0.2388,-0.1032,-0.2034,-0.9535,-0.9244,-0.9069,-0.453,-0.4281,-0.7854,-0.5013,-0.282,-0.6947,-0.6604,-0.8095,-0.7772,-0.2896,-0.2896,-0.4905,-0.3779,-0.8011,-0.1987,-0.0885,-0.1137,-0.4583,-0.4373,-0.8038,-0.5178,-0.1538,-0.7299,-0.376,-0.5137,-0.3812,-0.8224
12,"test","laying",-0.9553,-0.9491,-0.9483,-0.9365,-0.9744,-0.9596,-0.9693,-0.9626,-0.9706,-0.9661,-0.9539,-0.9502,-0.9672,-0.9659,-0.97,-0.9365,-0.9365,-0.9626,-0.9357,-0.962,-0.9552,-0.9506,-0.9484,-0.9728,-0.9647,-0.9727,-0.9693,-0.9553,-0.9564,-0.9421,-0.9617,-0.9404,-0.9619
12,"test","sitting",-0.9826,-0.9286,-0.9397,-0.9852,-0.9636,-0.9562,-0.9765,-0.964,-0.9791,-0.9744,-0.9605,-0.9516,-0.9773,-0.9793,-0.9771,-0.9475,-0.9475,-0.9727,-0.9468,-0.9783,-0.984,-0.926,-0.9359,-0.978,-0.9665,-0.9814,-0.9763,-0.959,-0.9548,-0.9506,-0.973,-0.9485,-0.9793
12,"test","standing",-0.9812,-0.9231,-0.9207,-0.9853,-0.9705,-0.9395,-0.9724,-0.9532,-0.9756,-0.8837,-0.9415,-0.9504,-0.9554,-0.9712,-0.9737,-0.9352,-0.9352,-0.9627,-0.8523,-0.9619,-0.9836,-0.9229,-0.9142,-0.9756,-0.9567,-0.9788,-0.8844,-0.9385,-0.9543,-0.9397,-0.9641,-0.85,-0.9629
12,"test","walking",-0.1289,-0.1228,-0.4106,-0.9791,-0.9646,-0.9503,-0.0135,-0.0894,-0.5123,-0.5463,-0.4494,-0.3502,-0.3908,-0.5813,-0.4806,-0.237,-0.237,-0.0203,-0.4132,-0.5489,-0.1607,-0.2085,-0.4521,-0.0311,-0.0941,-0.5315,-0.5931,-0.4438,-0.4223,-0.4089,-0.014,-0.4948,-0.5649
12,"test","walking downstairs",0.0424,0.1108,-0.425,-0.9595,-0.9433,-0.9354,0.0063,0.0629,-0.4987,-0.3621,-0.4763,-0.3378,-0.2786,-0.5175,-0.3652,0.0973,0.0973,0.0656,-0.3205,-0.4524,0.0483,0.0167,-0.4874,-0.0723,0.0515,-0.5445,-0.4224,-0.5189,-0.4485,-0.1051,0.0421,-0.4236,-0.4868
12,"test","walking upstairs",-0.2901,-0.1038,-0.4367,-0.9602,-0.9414,-0.9381,-0.3599,-0.3113,-0.7193,-0.5267,-0.5229,-0.3496,-0.55,-0.7612,-0.6064,-0.2858,-0.2858,-0.3298,-0.5257,-0.7134,-0.2789,-0.1302,-0.4186,-0.3906,-0.3359,-0.7501,-0.5605,-0.4839,-0.3961,-0.3953,-0.3466,-0.5644,-0.7331
13,"test","laying",-0.9689,-0.9509,-0.9504,-0.9579,-0.9759,-0.9599,-0.9854,-0.9802,-0.9831,-0.9721,-0.9627,-0.9674,-0.9814,-0.9789,-0.9898,-0.9479,-0.9479,-0.9801,-0.9447,-0.9751,-0.967,-0.9475,-0.9459,-0.9871,-0.9814,-0.9837,-0.9734,-0.9599,-0.9698,-0.9494,-0.978,-0.9461,-0.9728
13,"test","sitting",-0.9895,-0.939,-0.9386,-0.9814,-0.9514,-0.931,-0.9928,-0.9843,-0.9876,-0.9858,-0.9797,-0.9669,-0.9914,-0.9918,-0.9899,-0.9379,-0.9379,-0.9888,-0.9639,-0.9914,-0.9894,-0.9337,-0.9342,-0.9937,-0.9859,-0.9886,-0.9867,-0.9783,-0.9695,-0.9385,-0.9883,-0.9643,-0.9912
13,"test","standing",-0.991,-0.9494,-0.9675,-0.9922,-0.9747,-0.9768,-0.9876,-0.9777,-0.9869,-0.9556,-0.9717,-0.9734,-0.9785,-0.981,-0.9852,-0.9685,-0.9685,-0.9819,-0.945,-0.9762,-0.9918,-0.9472,-0.964,-0.9882,-0.9794,-0.9879,-0.9558,-0.9714,-0.9755,-0.9704,-0.9806,-0.9469,-0.9765
13,"test","walking",-0.347,0.1419,-0.2205,-0.9725,-0.9609,-0.9486,-0.2209,0.0565,-0.3746,-0.3761,-0.29,-0.3634,-0.2168,-0.3578,-0.3418,-0.2925,-0.2925,-0.1318,-0.2532,-0.3221,-0.3533,0.0922,-0.2699,-0.2197,0.0947,-0.4062,-0.4357,-0.3186,-0.4553,-0.4384,-0.1136,-0.38,-0.3493
13,"test","walking downstairs",-0.0682,-0.0321,-0.1583,-0.9526,-0.9285,-0.894,-0.0741,-0.149,-0.317,-0.417,-0.1988,-0.3228,-0.4637,-0.2592,-0.3671,-0.0156,-0.0156,-0.0434,-0.2368,-0.2765,-0.068,-0.0924,-0.2333,-0.1147,-0.1418,-0.3566,-0.4522,-0.2497,-0.427,-0.2109,-0.071,-0.4006,-0.3431
13,"test","walking upstairs",-0.2963,0.1045,-0.2172,-0.9464,-0.9221,-0.9103,-0.4873,-0.3233,-0.6609,-0.5411,-0.4036,-0.2118,-0.631,-0.6788,-0.5509,-0.3263,-0.3263,-0.4512,-0.4157,-0.6692,-0.2661,0.1147,-0.1848,-0.5143,-0.3194,-0.6892,-0.5629,-0.3643,-0.2725,-0.4091,-0.4911,-0.4708,-0.7123
14,"train","laying",-0.9175,-0.9097,-0.9003,-0.8621,-0.9488,-0.9013,-0.9715,-0.9681,-0.9724,-0.9572,-0.9325,-0.9523,-0.9703,-0.968,-0.9797,-0.8566,-0.8566,-0.9665,-0.9134,-0.964,-0.912,-0.9052,-0.8941,-0.9735,-0.9691,-0.9749,-0.9597,-0.93,-0.9578,-0.8596,-0.9636,-0.9178,-0.9637
14,"train","sitting",-0.9763,-0.9149,-0.9228,-0.9763,-0.9503,-0.9384,-0.9809,-0.9678,-0.9761,-0.9808,-0.962,-0.9529,-0.9903,-0.9869,-0.9828,-0.9255,-0.9255,-0.9733,-0.9471,-0.987,-0.9763,-0.9116,-0.9177,-0.9819,-0.9689,-0.9782,-0.9816,-0.9582,-0.956,-0.9292,-0.973,-0.9465,-0.9871
14,"train","standing",-0.9733,-0.9285,-0.9223,-0.972,-0.9658,-0.9408,-0.9782,-0.9664,-0.9708,-0.9611,-0.9463,-0.9466,-0.9699,-0.9707,-0.9747,-0.9367,-0.9367,-0.9704,-0.9314,-0.9668,-0.9736,-0.9261,-0.9178,-0.9804,-0.9678,-0.9736,-0.9627,-0.9443,-0.9502,-0.9398,-0.9697,-0.9348,-0.966
14,"train","walking",-0.4026,-0.0536,0.0519,-0.9748,-0.9545,-0.9475,-0.4545,-0.3443,-0.4728,-0.6004,-0.0148,-0.1261,-0.5718,-0.5367,-0.4972,-0.3638,-0.3638,-0.4397,-0.2014,-0.6061,-0.3959,-0.0543,0.0855,-0.4848,-0.3535,-0.5289,-0.6301,0.0833,-0.1802,-0.4575,-0.4534,-0.2655,-0.6557
14,"train","walking downstairs",0.0178,0.3789,0.4516,-0.9191,-0.9207,-0.8796,0.013,0.1928,-0.1336,-0.3546,0.057,0.3562,-0.537,-0.2843,0.0914,0.4284,0.4284,0.1947,-0.0665,-0.2747,0.0141,0.2936,0.4276,-0.0302,0.1387,-0.2449,-0.3789,0.0741,0.1828,0.1787,0.1943,-0.2239,-0.3568
14,"train","walking upstairs",-0.3094,0.3072,0.609,-0.9285,-0.9072,-0.8755,-0.3688,-0.3364,-0.3279,-0.4543,0.4765,0.5649,-0.6466,-0.3715,-0.3598,-0.0198,-0.0198,-0.3371,0.3,-0.4858,-0.305,0.3561,0.6871,-0.411,-0.3716,-0.3911,-0.4647,0.6462,0.5225,-0.1433,-0.4098,0.2367,-0.565
15,"train","laying",-0.9723,-0.9628,-0.9296,-0.9615,-0.986,-0.9507,-0.9817,-0.9709,-0.9784,-0.9572,-0.9611,-0.9565,-0.9739,-0.9805,-0.9801,-0.9433,-0.9433,-0.9736,-0.924,-0.9737,-0.9717,-0.9646,-0.9239,-0.9839,-0.9732,-0.9807,-0.9582,-0.96,-0.96,-0.9455,-0.9725,-0.9237,-0.9726
15,"train","sitting",-0.9871,-0.9224,-0.9493,-0.9826,-0.9436,-0.953,-0.9882,-0.9781,-0.987,-0.9882,-0.9753,-0.9638,-0.9929,-0.9903,-0.9879,-0.938,-0.938,-0.9846,-0.9635,-0.9897,-0.9874,-0.9192,-0.9457,-0.9893,-0.9797,-0.9877,-0.9889,-0.9735,-0.9662,-0.9412,-0.9833,-0.9634,-0.9895
15,"train","standing",-0.9889,-0.9319,-0.9517,-0.9884,-0.9657,-0.9588,-0.9855,-0.9677,-0.9853,-0.9478,-0.9713,-0.9682,-0.9715,-0.9881,-0.9813,-0.9486,-0.9486,-0.98,-0.9313,-0.9814,-0.9901,-0.9303,-0.9479,-0.9869,-0.9699,-0.9867,-0.9483,-0.9694,-0.9713,-0.9502,-0.9802,-0.9288,-0.9803
15,"train","walking",-0.328,0.1389,-0.5189,-0.9784,-0.9711,-0.9581,-0.3732,-0.0319,-0.6863,-0.3296,-0.4209,-0.4865,-0.2838,-0.7024,-0.5917,-0.3239,-0.3239,-0.3101,-0.4258,-0.6378,-0.3325,0.0806,-0.537,-0.4115,-0.0607,-0.7231,-0.3576,-0.3654,-0.544,-0.4583,-0.3424,-0.4818,-0.654
15,"train","walking downstairs",0.4065,0.1865,-0.282,-0.9428,-0.9257,-0.934,0.1346,0.0158,-0.404,-0.3187,-0.3732,-0.2506,-0.456,-0.575,-0.3945,0.3532,0.3532,0.1596,-0.2842,-0.5636,0.4663,0.12,-0.3574,0.1081,-0.0072,-0.4616,-0.3516,-0.361,-0.3437,0.1531,0.1505,-0.3494,-0.5935
15,"train","walking upstairs",-0.0261,-0.0041,-0.3797,-0.9526,-0.9276,-0.9216,-0.1869,-0.3119,-0.7488,-0.4153,-0.3302,-0.4774,-0.5255,-0.7631,-0.6579,-0.1366,-0.1366,-0.3134,-0.2884,-0.749,-0.0084,-0.0191,-0.3496,-0.2072,-0.3304,-0.783,-0.4372,-0.2436,-0.5237,-0.2557,-0.3913,-0.3086,-0.7931
16,"train","laying",-0.9737,-0.9431,-0.9655,-0.9638,-0.9661,-0.9679,-0.9884,-0.9849,-0.9876,-0.977,-0.9707,-0.9848,-0.9858,-0.989,-0.9945,-0.9579,-0.9579,-0.9879,-0.959,-0.9882,-0.9714,-0.9371,-0.9625,-0.9893,-0.9862,-0.9883,-0.9775,-0.9681,-0.9857,-0.9581,-0.9872,-0.959,-0.9881
16,"train","sitting",-0.9868,-0.9516,-0.9397,-0.9802,-0.968,-0.9458,-0.9909,-0.9818,-0.9835,-0.981,-0.9583,-0.9603,-0.9896,-0.9906,-0.9884,-0.9411,-0.9411,-0.9836,-0.9379,-0.9883,-0.9869,-0.9498,-0.9347,-0.9916,-0.9832,-0.9844,-0.9821,-0.9543,-0.9643,-0.9426,-0.9822,-0.9389,-0.9875
16,"train","standing",-0.9891,-0.9603,-0.9535,-0.9854,-0.9806,-0.9596,-0.991,-0.9826,-0.9881,-0.9734,-0.9801,-0.9824,-0.9871,-0.9926,-0.9927,-0.9573,-0.9573,-0.9868,-0.9641,-0.9908,-0.9891,-0.9582,-0.9485,-0.9918,-0.9842,-0.9887,-0.9739,-0.9784,-0.9835,-0.9572,-0.9859,-0.9636,-0.9907
16,"train","walking",-0.4047,-0.3146,-0.1598,-0.9825,-0.9738,-0.9614,-0.3962,-0.4256,-0.4403,-0.6542,-0.6126,-0.3655,-0.6759,-0.7122,-0.5713,-0.4718,-0.4718,-0.4034,-0.6651,-0.7228,-0.4091,-0.3544,-0.1805,-0.4029,-0.4336,-0.4566,-0.6737,-0.6119,-0.4032,-0.5922,-0.4414,-0.7211,-0.7457
16,"train","walking downstairs",0.2073,-0.147,0.0114,-0.9578,-0.9555,-0.9106,-0.1012,-0.2617,-0.3034,-0.4542,-0.5283,-0.4446,-0.6237,-0.5834,-0.5406,0.1192,0.1192,-0.0783,-0.4223,-0.5958,0.2661,-0.2087,-0.038,-0.1257,-0.2815,-0.364,-0.4704,-0.5652,-0.5211,-0.0534,-0.092,-0.4799,-0.6335
16,"train","walking upstairs",-0.3971,-0.1637,-0.1293,-0.9484,-0.9337,-0.9076,-0.5211,-0.4256,-0.5934,-0.5081,-0.5864,-0.365,-0.7073,-0.7747,-0.7171,-0.3348,-0.3348,-0.4931,-0.5182,-0.7973,-0.3696,-0.1663,-0.0946,-0.5381,-0.4171,-0.6201,-0.5099,-0.5596,-0.3873,-0.4189,-0.5199,-0.5325,-0.8253
17,"train","laying",-0.973,-0.9448,-0.9535,-0.9611,-0.9615,-0.9572,-0.9815,-0.977,-0.9828,-0.9759,-0.9715,-0.9762,-0.9808,-0.9831,-0.9882,-0.9483,-0.9483,-0.9801,-0.9593,-0.982,-0.9724,-0.9428,-0.9501,-0.9832,-0.9783,-0.9839,-0.9772,-0.9706,-0.9784,-0.949,-0.9797,-0.96,-0.982
17,"train","sitting",-0.9944,-0.9619,-0.9657,-0.9902,-0.9667,-0.9566,-0.9943,-0.9886,-0.9905,-0.9896,-0.9861,-0.9797,-0.9953,-0.995,-0.9938,-0.9651,-0.9651,-0.9914,-0.9754,-0.9944,-0.9947,-0.9598,-0.9629,-0.9946,-0.9899,-0.9908,-0.99,-0.9848,-0.981,-0.9654,-0.9903,-0.9747,-0.9936
17,"train","standing",-0.9912,-0.9682,-0.9705,-0.9858,-0.9758,-0.9692,-0.9921,-0.9867,-0.9912,-0.9814,-0.9851,-0.9855,-0.9893,-0.9937,-0.9923,-0.9754,-0.9754,-0.9904,-0.9777,-0.9924,-0.9913,-0.9664,-0.967,-0.9928,-0.9882,-0.9915,-0.9818,-0.9839,-0.9867,-0.9755,-0.9895,-0.9773,-0.9922
17,"train","walking",-0.3195,-0.0176,-0.2658,-0.981,-0.9686,-0.9569,-0.3555,-0.0935,-0.5343,-0.4798,-0.4549,-0.386,-0.4313,-0.5602,-0.5244,-0.4618,-0.4618,-0.2757,-0.5225,-0.5397,-0.3048,-0.0556,-0.2624,-0.3439,-0.047,-0.5439,-0.5048,-0.4392,-0.4388,-0.5652,-0.2112,-0.6153,-0.5204
17,"train","walking downstairs",0.1877,-0.0608,-0.2311,-0.95,-0.9466,-0.9011,-0.1034,-0.3041,-0.5363,-0.3704,-0.4593,-0.4685,-0.5268,-0.5721,-0.5428,0.0914,0.0914,-0.2066,-0.3527,-0.5923,0.2589,-0.0861,-0.2454,-0.0719,-0.2989,-0.573,-0.3932,-0.4694,-0.5409,-0.0619,-0.2365,-0.4289,-0.6434
17,"train","walking upstairs",-0.063,-0.0132,-0.2302,-0.9495,-0.916,-0.9302,-0.2927,-0.3498,-0.6574,-0.4966,-0.493,-0.2344,-0.606,-0.6767,-0.6106,-0.1029,-0.1029,-0.3909,-0.4408,-0.6823,-0.0355,-0.0253,-0.2048,-0.2872,-0.3651,-0.6803,-0.5245,-0.4812,-0.2779,-0.2174,-0.4374,-0.4964,-0.7242
18,"test","laying",-0.9845,-0.9862,-0.9877,-0.9827,-0.9941,-0.991,-0.9859,-0.9856,-0.9907,-0.9929,-0.9842,-0.9851,-0.9961,-0.9905,-0.9925,-0.9865,-0.9865,-0.9895,-0.9806,-0.9922,-0.9843,-0.9867,-0.9872,-0.9866,-0.9862,-0.9907,-0.993,-0.9835,-0.9865,-0.9876,-0.9897,-0.9815,-0.9927
18,"test","sitting",-0.9943,-0.9749,-0.9776,-0.994,-0.984,-0.9783,-0.9916,-0.984,-0.9902,-0.992,-0.9868,-0.9815,-0.9942,-0.9942,-0.9928,-0.9816,-0.9816,-0.9912,-0.9814,-0.9949,-0.9949,-0.975,-0.9757,-0.992,-0.9857,-0.9901,-0.9926,-0.9857,-0.9828,-0.9822,-0.991,-0.9813,-0.995
18,"test","standing",-0.992,-0.9542,-0.9619,-0.9943,-0.9813,-0.976,-0.9894,-0.9753,-0.9885,-0.9623,-0.9804,-0.9728,-0.982,-0.9912,-0.9863,-0.9723,-0.9723,-0.986,-0.9598,-0.9885,-0.9928,-0.9529,-0.9572,-0.9903,-0.9772,-0.9893,-0.9623,-0.9788,-0.9748,-0.9733,-0.9863,-0.9591,-0.9884
18,"test","walking",-0.376,-0.227,-0.4283,-0.983,-0.9753,-0.9725,-0.3681,-0.3202,-0.6333,-0.7044,-0.4964,-0.5114,-0.5781,-0.6949,-0.6633,-0.4603,-0.4603,-0.4254,-0.6085,-0.7266,-0.3781,-0.2673,-0.4399,-0.376,-0.3203,-0.6643,-0.7349,-0.4609,-0.5484,-0.5656,-0.4445,-0.6689,-0.7694
18,"test","walking downstairs",-0.3026,-0.2542,-0.4186,-0.9604,-0.933,-0.9217,-0.3872,-0.447,-0.6512,-0.5025,-0.6172,-0.4837,-0.6767,-0.7526,-0.6057,-0.2299,-0.2299,-0.3825,-0.508,-0.7442,-0.2855,-0.2738,-0.4183,-0.4161,-0.4645,-0.6788,-0.5139,-0.6078,-0.544,-0.3443,-0.3866,-0.5338,-0.7634
18,"test","walking upstairs",-0.3802,-0.2112,-0.3144,-0.9617,-0.9421,-0.9078,-0.5632,-0.5679,-0.7608,-0.5938,-0.5073,-0.4339,-0.7607,-0.8289,-0.719,-0.3718,-0.3718,-0.5793,-0.5281,-0.8355,-0.3506,-0.1906,-0.2696,-0.5753,-0.5855,-0.7847,-0.6007,-0.4434,-0.466,-0.4362,-0.5879,-0.533,-0.8609
19,"train","laying",-0.965,-0.9734,-0.9847,-0.959,-0.987,-0.9888,-0.9836,-0.9745,-0.9883,-0.9814,-0.9636,-0.9732,-0.9761,-0.9846,-0.987,-0.9632,-0.9632,-0.9807,-0.9559,-0.9802,-0.9621,-0.9748,-0.9847,-0.9853,-0.976,-0.9886,-0.9839,-0.9598,-0.9754,-0.9641,-0.9795,-0.9575,-0.9793
19,"train","sitting",-0.9764,-0.9504,-0.9519,-0.9694,-0.97,-0.9604,-0.987,-0.9793,-0.9867,-0.9846,-0.9598,-0.9656,-0.9885,-0.9875,-0.9853,-0.9518,-0.9518,-0.9842,-0.9505,-0.9858,-0.9752,-0.9481,-0.9475,-0.9886,-0.981,-0.9882,-0.9856,-0.9556,-0.9679,-0.9528,-0.9837,-0.9505,-0.9854
19,"train","standing",-0.9899,-0.9444,-0.9526,-0.9924,-0.9714,-0.9589,-0.9848,-0.9705,-0.9861,-0.9461,-0.9696,-0.9607,-0.9751,-0.9881,-0.9835,-0.9625,-0.9625,-0.9796,-0.938,-0.9831,-0.9912,-0.9432,-0.9478,-0.9859,-0.9736,-0.9875,-0.9466,-0.967,-0.9632,-0.9643,-0.9792,-0.9367,-0.9822
19,"train","walking",-0.0489,0.1818,-0.1395,-0.9699,-0.9587,-0.9292,0.1103,0.0809,-0.1794,-0.0264,-0.1144,-0.1042,0.0801,-0.2916,-0.2135,-0.0994,-0.0994,0.0357,-0.0218,-0.2715,-0.0579,0.1126,-0.2339,0.0908,0.0854,-0.2278,-0.1084,-0.133,-0.2203,-0.3248,-0.0223,-0.1416,-0.3361
19,"train","walking downstairs",0.6269,0.5148,0.0493,-0.8997,-0.9179,-0.8994,0.5443,0.3553,-0.02,0.2677,0.0483,-0.0314,0.1791,-0.0146,0.1166,0.4135,0.4135,0.4506,0.2378,-0.0439,0.6585,0.4279,-0.0784,0.4768,0.3498,-0.0984,0.1966,-0.0285,-0.2159,0.0829,0.3163,0.032,-0.1433
19,"train","walking upstairs",-0.1287,0.1763,-0.1905,-0.9165,-0.901,-0.8369,-0.1743,-0.0129,-0.4443,-0.4068,-0.1726,-0.1101,-0.2394,-0.4921,-0.3754,-0.1777,-0.1777,-0.2841,-0.2644,-0.5074,-0.1199,0.1326,-0.24,-0.2173,-0.0132,-0.5077,-0.4775,-0.1499,-0.2075,-0.3683,-0.4347,-0.3771,-0.5883
20,"test","laying",-0.9622,-0.9641,-0.9726,-0.9287,-0.976,-0.9765,-0.9843,-0.977,-0.985,-0.9845,-0.9729,-0.9724,-0.9893,-0.9815,-0.9867,-0.9395,-0.9395,-0.9802,-0.9622,-0.9811,-0.961,-0.965,-0.9719,-0.9862,-0.9785,-0.9857,-0.9852,-0.9731,-0.975,-0.9419,-0.9796,-0.9642,-0.982
20,"test","sitting",-0.9831,-0.9361,-0.9291,-0.9858,-0.967,-0.9359,-0.9821,-0.9709,-0.9765,-0.9763,-0.9601,-0.9458,-0.9774,-0.9797,-0.9797,-0.9378,-0.9378,-0.9725,-0.9411,-0.9751,-0.984,-0.935,-0.9249,-0.9836,-0.9728,-0.9785,-0.9784,-0.958,-0.9492,-0.9422,-0.9726,-0.9437,-0.9752
20,"test","standing",-0.9672,-0.8754,-0.9131,-0.9819,-0.9575,-0.9424,-0.9595,-0.9356,-0.9589,-0.8867,-0.9039,-0.9073,-0.9216,-0.9476,-0.9487,-0.9107,-0.9107,-0.9385,-0.8437,-0.9263,-0.9698,-0.8725,-0.911,-0.9631,-0.9405,-0.964,-0.8905,-0.9012,-0.9149,-0.9187,-0.936,-0.8491,-0.9272
20,"test","walking",-0.2083,0.4898,-0.2287,-0.9703,-0.962,-0.9539,-0.0906,0.2443,-0.3877,-0.2329,0.0858,-0.1657,-0.2532,-0.1276,-0.227,-0.1569,-0.1569,0.0211,-0.0368,-0.1499,-0.235,0.4384,-0.2665,-0.1222,0.2556,-0.4277,-0.2799,0.1077,-0.265,-0.3899,-0.0311,-0.1962,-0.172
20,"test","walking downstairs",0.0745,0.6169,-0.1609,-0.9405,-0.9086,-0.9197,-0.1357,0.2897,-0.3815,-0.2049,-0.1468,0.1597,-0.2492,-0.3346,0.0031,0.1726,0.1726,0.0467,-0.0306,-0.2756,0.113,0.5602,-0.2139,-0.1473,0.2931,-0.4053,-0.2534,-0.16,0.0183,2e-04,0.079,-0.1517,-0.2817
20,"test","walking upstairs",-0.1161,0.1522,-0.2292,-0.9314,-0.9246,-0.9041,-0.1857,-0.2608,-0.5136,-0.4927,-0.1047,0.1841,-0.4711,-0.394,-0.2539,-0.1983,-0.1983,-0.2394,-0.2539,-0.4554,-0.1084,0.1645,-0.2424,-0.1871,-0.255,-0.5332,-0.532,-0.079,0.0955,-0.3202,-0.2805,-0.3609,-0.5028
21,"train","laying",-0.955,-0.957,-0.9457,-0.9459,-0.9837,-0.9524,-0.9848,-0.9716,-0.984,-0.9754,-0.9521,-0.9813,-0.9846,-0.982,-0.9887,-0.9422,-0.9422,-0.9786,-0.9493,-0.9822,-0.9509,-0.9573,-0.9409,-0.9871,-0.9732,-0.9849,-0.9762,-0.9466,-0.9833,-0.9444,-0.9776,-0.9497,-0.9823
21,"train","sitting",-0.9918,-0.9669,-0.9596,-0.9929,-0.9794,-0.9654,-0.9894,-0.979,-0.9858,-0.9884,-0.9764,-0.977,-0.9895,-0.9897,-0.988,-0.972,-0.972,-0.9865,-0.9712,-0.9903,-0.9924,-0.9676,-0.9564,-0.99,-0.9803,-0.9868,-0.9896,-0.9747,-0.9791,-0.9744,-0.987,-0.972,-0.9911
21,"train","standing",-0.9814,-0.9436,-0.9461,-0.9829,-0.9777,-0.9586,-0.9771,-0.9639,-0.9779,-0.9625,-0.956,-0.9593,-0.9719,-0.9768,-0.9754,-0.9569,-0.9569,-0.9716,-0.9456,-0.9762,-0.9829,-0.9435,-0.9425,-0.9795,-0.966,-0.9797,-0.9645,-0.9541,-0.9631,-0.96,-0.9719,-0.9478,-0.9777
21,"train","walking",-0.2978,0.0541,-0.1687,-0.9696,-0.9641,-0.9749,-0.1149,-0.0347,-0.4251,-0.4322,-0.3979,-0.3119,-0.2389,-0.4829,-0.4949,-0.2997,-0.2997,-0.0838,-0.4083,-0.4504,-0.3085,-0.0026,-0.165,-0.1074,-0.0148,-0.4436,-0.4919,-0.4194,-0.3855,-0.4381,-0.0187,-0.5122,-0.4293
21,"train","walking downstairs",0.2243,0.3013,-0.0718,-0.9402,-0.9401,-0.9163,0.0021,-0.0796,-0.2461,-0.4421,-0.3537,-0.3498,-0.5496,-0.4424,-0.4283,0.2643,0.2643,0.0952,-0.3884,-0.5091,0.267,0.2779,-0.1451,-0.0464,-0.1132,-0.2932,-0.4698,-0.3884,-0.4508,0.0791,0.0632,-0.4845,-0.5717
21,"train","walking upstairs",-0.2408,0.1098,-0.2197,-0.9409,-0.9415,-0.9327,-0.4241,-0.2032,-0.5621,-0.5319,-0.4631,0.0517,-0.5735,-0.6045,-0.5641,-0.2785,-0.2785,-0.4042,-0.4202,-0.6477,-0.2132,0.0823,-0.2272,-0.463,-0.2613,-0.6031,-0.561,-0.4783,0.0131,-0.4034,-0.4777,-0.4834,-0.701
22,"train","laying",-0.9477,-0.9133,-0.9429,-0.9288,-0.9588,-0.9524,-0.9704,-0.9552,-0.9745,-0.9566,-0.9619,-0.9333,-0.9721,-0.9805,-0.9786,-0.9094,-0.9094,-0.9598,-0.9239,-0.9742,-0.9457,-0.9126,-0.9412,-0.9741,-0.959,-0.9768,-0.958,-0.9607,-0.937,-0.9133,-0.9556,-0.9236,-0.9728
22,"train","sitting",-0.9785,-0.9281,-0.9176,-0.972,-0.9542,-0.928,-0.9817,-0.9648,-0.9789,-0.9811,-0.9502,-0.9465,-0.9857,-0.9803,-0.9795,-0.9243,-0.9243,-0.9686,-0.9333,-0.9765,-0.9786,-0.927,-0.9093,-0.9843,-0.9698,-0.9813,-0.9824,-0.9461,-0.951,-0.9268,-0.967,-0.9336,-0.9763
22,"train","standing",-0.985,-0.9227,-0.9422,-0.9928,-0.9711,-0.9589,-0.9756,-0.9523,-0.9815,-0.9178,-0.9647,-0.9606,-0.9497,-0.9849,-0.9798,-0.9399,-0.9399,-0.9588,-0.9008,-0.9661,-0.9874,-0.9237,-0.9384,-0.9788,-0.9562,-0.9843,-0.9199,-0.9622,-0.9637,-0.9437,-0.9567,-0.9002,-0.9653
22,"train","walking",-0.0087,0.1004,-0.2134,-0.9696,-0.9636,-0.9551,0.0359,0.2255,-0.3132,-0.3185,-0.4863,-0.1514,-0.2267,-0.6519,-0.2343,-0.1616,-0.1616,0.1115,-0.3908,-0.5031,0.0244,0.0039,-0.2536,0.018,0.2134,-0.3432,-0.3745,-0.4816,-0.2532,-0.3814,0.1583,-0.464,-0.4764
22,"train","walking downstairs",0.3486,0.2398,-0.3257,-0.9412,-0.9458,-0.9066,0.0869,0.0199,-0.4778,-0.2373,-0.5503,-0.2804,-0.2648,-0.6403,-0.3588,0.1333,0.1333,-0.0338,-0.2639,-0.6177,0.4029,0.1674,-0.3832,0.0405,-0.027,-0.5359,-0.2845,-0.5703,-0.3773,-0.0575,-0.1185,-0.3419,-0.6975
22,"train","walking upstairs",0.0836,0.2501,-0.1096,-0.9406,-0.9416,-0.9132,-0.0085,-0.0576,-0.4717,-0.3015,-0.4894,-0.1578,-0.3967,-0.7043,-0.5157,-0.1588,-0.1588,-0.0877,-0.2026,-0.6756,0.132,0.2301,-0.1168,-0.0678,-0.1061,-0.5286,-0.3381,-0.4739,-0.2224,-0.3341,-0.1513,-0.234,-0.7099
23,"train","laying",-0.9568,-0.9763,-0.9732,-0.9479,-0.9828,-0.9768,-0.9864,-0.9886,-0.9847,-0.9818,-0.9592,-0.9839,-0.985,-0.9794,-0.9949,-0.9579,-0.9579,-0.9867,-0.9572,-0.9813,-0.9524,-0.9743,-0.9723,-0.9878,-0.99,-0.9855,-0.9827,-0.955,-0.9853,-0.9585,-0.9865,-0.959,-0.9816
23,"train","sitting",-0.9876,-0.9349,-0.9056,-0.9845,-0.9609,-0.924,-0.9846,-0.978,-0.976,-0.9804,-0.9481,-0.9597,-0.9871,-0.9807,-0.9881,-0.925,-0.925,-0.9737,-0.937,-0.9792,-0.9883,-0.9308,-0.8961,-0.986,-0.9796,-0.9779,-0.9815,-0.9437,-0.9619,-0.9271,-0.9721,-0.9387,-0.9785
23,"train","standing",-0.9854,-0.9584,-0.9294,-0.9846,-0.9848,-0.9472,-0.9831,-0.9752,-0.9736,-0.942,-0.9481,-0.9624,-0.9728,-0.9725,-0.9847,-0.9517,-0.9517,-0.9748,-0.9238,-0.9724,-0.9863,-0.958,-0.9261,-0.9845,-0.9772,-0.9762,-0.9417,-0.9459,-0.9642,-0.9553,-0.9751,-0.9248,-0.9738
23,"train","walking",-0.3135,-0.119,0.1642,-0.9772,-0.9666,-0.933,-0.2293,-0.0805,-0.0293,-0.4943,0.2595,-0.2096,-0.364,0.2959,-0.3745,-0.21,-0.21,-0.0268,0.1633,0.2502,-0.3298,-0.2025,0.1161,-0.2352,-0.061,-0.0062,-0.5451,0.2866,-0.2878,-0.4076,-0.0457,-0.0615,0.2878
23,"train","walking downstairs",0.0441,0.1083,0.2299,-0.9508,-0.939,-0.9059,0.1989,-0.0883,0.031,-0.4161,0.2138,-0.2087,-0.323,0.1467,-0.3679,0.2304,0.2304,0.2921,0.054,0.0595,-0.0283,0.0432,0.0948,0.082,-0.1777,-0.0985,-0.4826,0.1261,-0.3059,-0.0454,0.2245,-0.2189,-0.0399
23,"train","walking upstairs",-0.2439,0.0448,0.1008,-0.9333,-0.9105,-0.9021,-0.3654,-0.3282,-0.4081,-0.5507,-0.2937,-0.0317,-0.5483,-0.4935,-0.5438,-0.2719,-0.2719,-0.3627,-0.3667,-0.5513,-0.2343,0.0381,0.1045,-0.4249,-0.3809,-0.469,-0.5904,-0.3016,-0.0823,-0.41,-0.4543,-0.4705,-0.6327
24,"test","laying",-0.968,-0.9831,-0.9736,-0.9604,-0.9935,-0.9792,-0.9864,-0.9824,-0.9831,-0.9827,-0.9603,-0.9817,-0.9799,-0.9781,-0.9924,-0.9694,-0.9694,-0.9836,-0.9578,-0.9787,-0.9652,-0.9846,-0.9731,-0.9881,-0.9841,-0.9832,-0.9847,-0.9578,-0.9836,-0.9711,-0.9833,-0.9614,-0.9801
24,"test","sitting",-0.9906,-0.9563,-0.9571,-0.9897,-0.9717,-0.9634,-0.9886,-0.9796,-0.9847,-0.9881,-0.978,-0.9713,-0.9914,-0.9898,-0.9899,-0.9638,-0.9638,-0.9854,-0.9693,-0.9907,-0.9911,-0.955,-0.9544,-0.9893,-0.9816,-0.986,-0.9889,-0.9763,-0.9729,-0.9659,-0.9856,-0.9691,-0.9909
24,"test","standing",-0.9873,-0.9369,-0.9303,-0.9922,-0.9682,-0.9462,-0.9806,-0.9677,-0.9777,-0.9607,-0.9673,-0.97,-0.9759,-0.982,-0.9833,-0.9479,-0.9479,-0.9731,-0.9531,-0.98,-0.9889,-0.9345,-0.9238,-0.9817,-0.9702,-0.9799,-0.9619,-0.9658,-0.9727,-0.9495,-0.9732,-0.9544,-0.9798
24,"test","walking",-0.4708,-0.1541,-0.2888,-0.9831,-0.9626,-0.9628,-0.4859,-0.3022,-0.4912,-0.5806,-0.4872,-0.3962,-0.4908,-0.5142,-0.558,-0.4811,-0.4811,-0.4098,-0.5639,-0.556,-0.4627,-0.1828,-0.3146,-0.5076,-0.2944,-0.5111,-0.6169,-0.4959,-0.4533,-0.5903,-0.403,-0.668,-0.5674
24,"test","walking downstairs",-0.0827,-0.1026,-0.2056,-0.9618,-0.9415,-0.9422,-0.3372,-0.1693,-0.2902,-0.4319,-0.4847,-0.4911,-0.3584,-0.5193,-0.4787,-0.0225,-0.0225,-0.1435,-0.3637,-0.4592,-0.0349,-0.1692,-0.2916,-0.3559,-0.1636,-0.3286,-0.4849,-0.5234,-0.5733,-0.1753,-0.0828,-0.4701,-0.478
24,"test","walking upstairs",-0.3444,-0.1168,-0.2556,-0.9622,-0.9167,-0.935,-0.4988,-0.5152,-0.5238,-0.5774,-0.5685,-0.2746,-0.6405,-0.6466,-0.649,-0.3069,-0.3069,-0.4411,-0.5039,-0.6382,-0.3262,-0.1078,-0.2831,-0.5271,-0.5358,-0.5627,-0.6029,-0.5862,-0.312,-0.4063,-0.4596,-0.5491,-0.6539
25,"train","laying",-0.9091,-0.6918,-0.7173,-0.8296,-0.6436,-0.6102,-0.9733,-0.9457,-0.9678,-0.8898,-0.9366,-0.9109,-0.9574,-0.9716,-0.9742,-0.6493,-0.6493,-0.9619,-0.856,-0.9683,-0.9025,-0.6724,-0.6941,-0.9764,-0.9484,-0.9719,-0.8913,-0.9323,-0.9155,-0.6514,-0.9636,-0.8507,-0.9705
25,"train","sitting",-0.9919,-0.9475,-0.9651,-0.9889,-0.9634,-0.9695,-0.9923,-0.9829,-0.9884,-0.9899,-0.9812,-0.9726,-0.9923,-0.9913,-0.9915,-0.96,-0.96,-0.9883,-0.9706,-0.9918,-0.9921,-0.9448,-0.9621,-0.9928,-0.9841,-0.9892,-0.9906,-0.9798,-0.9742,-0.962,-0.9876,-0.9703,-0.992
25,"train","standing",-0.992,-0.9546,-0.9646,-0.9931,-0.9806,-0.9678,-0.9883,-0.9723,-0.9871,-0.9714,-0.9768,-0.9718,-0.9779,-0.9872,-0.9807,-0.9681,-0.9681,-0.9826,-0.9599,-0.9832,-0.9929,-0.9542,-0.9621,-0.9893,-0.974,-0.9879,-0.9727,-0.976,-0.975,-0.9702,-0.9821,-0.9611,-0.9831
25,"train","walking",-0.596,-0.1619,-0.4371,-0.9795,-0.9651,-0.945,-0.6076,-0.3826,-0.6756,-0.4012,-0.604,-0.5628,-0.508,-0.7996,-0.6596,-0.5656,-0.5656,-0.5429,-0.4898,-0.757,-0.5914,-0.1703,-0.4306,-0.6241,-0.3678,-0.6904,-0.4067,-0.5672,-0.6035,-0.6329,-0.519,-0.5293,-0.7574
25,"train","walking downstairs",-0.2538,-0.1405,-0.458,-0.9645,-0.9378,-0.9262,-0.502,-0.3717,-0.7115,-0.2888,-0.5234,-0.4438,-0.4301,-0.8104,-0.5995,-0.2595,-0.2595,-0.483,-0.3822,-0.6796,-0.213,-0.1668,-0.4495,-0.5222,-0.3657,-0.735,-0.3163,-0.4706,-0.5067,-0.3594,-0.5022,-0.4237,-0.693
25,"train","walking upstairs",-0.4598,-0.2231,-0.2965,-0.9509,-0.9318,-0.8827,-0.6636,-0.6271,-0.8125,-0.489,-0.4337,-0.5642,-0.6939,-0.8397,-0.7463,-0.48,-0.48,-0.6745,-0.3878,-0.8249,-0.438,-0.2,-0.2373,-0.6902,-0.6381,-0.8305,-0.5001,-0.3494,-0.6011,-0.5361,-0.7034,-0.3866,-0.8411
26,"train","laying",-0.9694,-0.9832,-0.9845,-0.9445,-0.9879,-0.9841,-0.9893,-0.9872,-0.9891,-0.9903,-0.9793,-0.9693,-0.9927,-0.9891,-0.9938,-0.9644,-0.9644,-0.9891,-0.9657,-0.9899,-0.968,-0.9833,-0.9849,-0.9904,-0.9882,-0.9894,-0.991,-0.9775,-0.9718,-0.9666,-0.9879,-0.9661,-0.9896
26,"train","sitting",-0.9798,-0.9408,-0.95,-0.9651,-0.9493,-0.9446,-0.9923,-0.9862,-0.99,-0.991,-0.9734,-0.9664,-0.9959,-0.9931,-0.9919,-0.9336,-0.9336,-0.99,-0.9647,-0.994,-0.9788,-0.9378,-0.9448,-0.9933,-0.9878,-0.9907,-0.9913,-0.9695,-0.9683,-0.9346,-0.9895,-0.9637,-0.9942
26,"train","standing",-0.9931,-0.9495,-0.963,-0.9927,-0.967,-0.9642,-0.9905,-0.9759,-0.9867,-0.9738,-0.9824,-0.9749,-0.9785,-0.9898,-0.986,-0.9627,-0.9627,-0.9826,-0.9627,-0.9843,-0.9937,-0.9478,-0.96,-0.9913,-0.9774,-0.9874,-0.9753,-0.9817,-0.9774,-0.9639,-0.9811,-0.963,-0.9833
26,"train","walking",-0.3402,-0.1364,-0.3335,-0.9801,-0.969,-0.9662,-0.3285,-0.2619,-0.3975,-0.4929,-0.5757,-0.3545,-0.4174,-0.587,-0.4855,-0.4218,-0.4218,-0.2794,-0.5383,-0.6035,-0.348,-0.1857,-0.3844,-0.3511,-0.272,-0.3965,-0.533,-0.5879,-0.4262,-0.5372,-0.2689,-0.6095,-0.6129
26,"train","walking downstairs",0.174,-0.0116,-0.2848,-0.9627,-0.9354,-0.9331,-0.1281,-0.0864,-0.3793,-0.3313,-0.4734,-0.3321,-0.1708,-0.5472,-0.359,0.147,0.147,-0.1113,-0.2962,-0.4631,0.2268,-0.0783,-0.3466,-0.1308,-0.0615,-0.3967,-0.3982,-0.4975,-0.4345,0.0057,-0.0679,-0.393,-0.4895
26,"train","walking upstairs",-0.169,-0.0492,-0.4046,-0.962,-0.9379,-0.9296,-0.2909,-0.3998,-0.678,-0.5503,-0.6031,-0.3091,-0.5158,-0.7252,-0.5564,-0.1507,-0.1507,-0.3345,-0.514,-0.6618,-0.1428,-0.0439,-0.4009,-0.3421,-0.4201,-0.7157,-0.5908,-0.5982,-0.3621,-0.2742,-0.3937,-0.5696,-0.6698
27,"train","laying",-0.9785,-0.9837,-0.9866,-0.9712,-0.9937,-0.9891,-0.9865,-0.9852,-0.9897,-0.9888,-0.9843,-0.9784,-0.9935,-0.993,-0.9933,-0.9789,-0.9789,-0.9886,-0.9719,-0.9935,-0.9776,-0.9843,-0.9866,-0.9875,-0.9861,-0.9899,-0.9894,-0.9831,-0.9801,-0.9803,-0.9882,-0.9718,-0.9936
27,"train","sitting",-0.9886,-0.9716,-0.9659,-0.9824,-0.9826,-0.9673,-0.9907,-0.9851,-0.9889,-0.9885,-0.9821,-0.9757,-0.9936,-0.9922,-0.9918,-0.9695,-0.9695,-0.9892,-0.9708,-0.9921,-0.9887,-0.9713,-0.9632,-0.9913,-0.9861,-0.9893,-0.989,-0.981,-0.9776,-0.9709,-0.9885,-0.9705,-0.992
27,"train","standing",-0.992,-0.9552,-0.9624,-0.994,-0.9796,-0.9682,-0.9876,-0.9758,-0.9874,-0.9699,-0.9825,-0.9813,-0.9826,-0.9908,-0.989,-0.9664,-0.9664,-0.9842,-0.9657,-0.9888,-0.9929,-0.9544,-0.9589,-0.9886,-0.9776,-0.9882,-0.9702,-0.9819,-0.9831,-0.9675,-0.983,-0.9654,-0.9886
27,"train","walking",-0.3485,-0.1873,-0.2973,-0.9799,-0.9738,-0.9566,-0.3162,-0.1041,-0.4012,-0.6069,-0.5299,-0.2501,-0.5233,-0.6341,-0.4263,-0.4074,-0.4074,-0.2661,-0.4825,-0.6187,-0.3653,-0.2677,-0.3455,-0.3466,-0.0655,-0.418,-0.6423,-0.5309,-0.2978,-0.5504,-0.2797,-0.5469,-0.6392
27,"train","walking downstairs",0.1674,-0.098,-0.24,-0.947,-0.935,-0.9209,-0.0036,-0.1385,-0.4093,-0.3637,-0.4818,-0.2578,-0.4938,-0.4595,-0.3073,0.1212,0.1212,-0.0386,-0.308,-0.4658,0.1949,-0.1756,-0.3031,-0.0523,-0.1632,-0.4748,-0.391,-0.543,-0.3678,-0.0712,-0.1136,-0.398,-0.5028
27,"train","walking upstairs",-0.2954,-0.095,-0.2307,-0.9564,-0.9477,-0.9267,-0.4681,-0.4268,-0.6337,-0.5625,-0.588,-0.17,-0.6958,-0.7111,-0.6769,-0.3799,-0.3799,-0.4646,-0.5018,-0.7247,-0.2535,-0.0794,-0.1973,-0.4789,-0.4501,-0.6571,-0.5743,-0.5879,-0.1835,-0.4687,-0.473,-0.5233,-0.7517
28,"train","laying",-0.9689,-0.9454,-0.9565,-0.9706,-0.9698,-0.9791,-0.9802,-0.9787,-0.9731,-0.9552,-0.9601,-0.9624,-0.9608,-0.9804,-0.9814,-0.9546,-0.9546,-0.9733,-0.9289,-0.9698,-0.9673,-0.942,-0.9568,-0.9822,-0.9811,-0.9745,-0.9581,-0.9576,-0.9663,-0.9576,-0.9723,-0.9317,-0.9693
28,"train","sitting",-0.9833,-0.9399,-0.9367,-0.9891,-0.9718,-0.9561,-0.9763,-0.9622,-0.9763,-0.9797,-0.9563,-0.9566,-0.9822,-0.9807,-0.971,-0.9478,-0.9478,-0.9703,-0.9511,-0.9784,-0.985,-0.9399,-0.933,-0.9778,-0.964,-0.9783,-0.9816,-0.9532,-0.9616,-0.9523,-0.9708,-0.9535,-0.9784
28,"train","standing",-0.9777,-0.8757,-0.9051,-0.9901,-0.9628,-0.9518,-0.9686,-0.9338,-0.9698,-0.884,-0.94,-0.9255,-0.9283,-0.973,-0.9565,-0.9177,-0.9177,-0.9541,-0.8769,-0.9563,-0.9803,-0.8745,-0.8976,-0.9717,-0.937,-0.9736,-0.8867,-0.9361,-0.932,-0.9239,-0.955,-0.8785,-0.956
28,"train","walking",-0.293,-0.1179,-0.3009,-0.9767,-0.9688,-0.9442,-0.3357,-0.2201,-0.5375,-0.5038,-0.4977,-0.2426,-0.3994,-0.639,-0.4409,-0.3927,-0.3927,-0.3904,-0.4605,-0.5799,-0.2988,-0.1688,-0.326,-0.3671,-0.1918,-0.5746,-0.5455,-0.4975,-0.3082,-0.5116,-0.4363,-0.5168,-0.5891
28,"train","walking downstairs",0.1257,0.1565,-0.341,-0.9569,-0.9484,-0.9171,-0.0168,0.0266,-0.4271,-0.2681,-0.2594,-0.307,-0.1639,-0.4246,-0.3362,0.1355,0.1355,-0.0419,-0.2245,-0.4071,0.1378,0.0653,-0.4169,-0.098,-0.0018,-0.4885,-0.3455,-0.2931,-0.4165,-0.0741,-0.0884,-0.3629,-0.4647
28,"train","walking upstairs",-0.2421,-0.1468,-0.286,-0.9447,-0.9276,-0.9005,-0.3127,-0.3316,-0.6375,-0.5188,-0.4793,-0.1893,-0.4943,-0.6906,-0.6036,-0.2119,-0.2119,-0.3254,-0.4769,-0.6701,-0.2337,-0.1786,-0.2817,-0.3703,-0.349,-0.6879,-0.5564,-0.46,-0.2262,-0.3346,-0.3745,-0.5282,-0.7049
29,"train","laying",-0.9842,-0.9902,-0.9873,-0.9729,-0.9942,-0.9858,-0.992,-0.9895,-0.9933,-0.9943,-0.9928,-0.975,-0.9965,-0.9971,-0.9954,-0.9816,-0.9816,-0.9946,-0.977,-0.9977,-0.9834,-0.9907,-0.9864,-0.9925,-0.9905,-0.9931,-0.9947,-0.9922,-0.9769,-0.9816,-0.9944,-0.9767,-0.9976
29,"train","sitting",-0.9907,-0.9632,-0.9681,-0.9847,-0.9736,-0.966,-0.9935,-0.9841,-0.9902,-0.9902,-0.9883,-0.9712,-0.9933,-0.9953,-0.9928,-0.9693,-0.9693,-0.9905,-0.9716,-0.9949,-0.9906,-0.9617,-0.9658,-0.9942,-0.9855,-0.9904,-0.9907,-0.9873,-0.9729,-0.9712,-0.9898,-0.971,-0.9947
29,"train","standing",-0.9961,-0.9693,-0.9802,-0.9968,-0.9851,-0.9845,-0.9937,-0.9833,-0.9906,-0.978,-0.9904,-0.9834,-0.9833,-0.9955,-0.9907,-0.9817,-0.9817,-0.9905,-0.9754,-0.9915,-0.9966,-0.9683,-0.9788,-0.9941,-0.9848,-0.9913,-0.9792,-0.9896,-0.9847,-0.9822,-0.9903,-0.9759,-0.9915
29,"train","walking",-0.1743,-0.0918,-0.2428,-0.9783,-0.9753,-0.946,-0.2214,-0.0872,-0.4618,-0.5989,-0.1818,-0.4302,-0.3959,-0.5879,-0.5041,-0.2627,-0.2627,-0.133,-0.3588,-0.6122,-0.1904,-0.1821,-0.2833,-0.3073,-0.155,-0.529,-0.6543,-0.0941,-0.4941,-0.3933,-0.1695,-0.4292,-0.6187
29,"train","walking downstairs",0.1674,-0.1225,-0.2232,-0.9417,-0.9139,-0.8693,-0.024,-0.0773,-0.4788,-0.2821,-0.3905,-0.3111,-0.3478,-0.6935,-0.3798,0.1345,0.1345,-0.0308,-0.2674,-0.5971,0.1874,-0.2393,-0.2621,-0.0986,-0.1204,-0.5473,-0.3191,-0.3549,-0.4162,-0.0331,-0.0798,-0.323,-0.6267
29,"train","walking upstairs",-0.0868,-0.1221,0.0995,-0.9542,-0.923,-0.8588,-0.1824,-0.3886,-0.6788,-0.3239,0.0461,-0.3748,-0.4749,-0.7342,-0.5584,-0.0415,-0.0415,-0.2545,-0.08,-0.7128,-0.0791,-0.1413,0.2031,-0.2114,-0.4086,-0.7101,-0.3503,0.2343,-0.4442,-0.156,-0.2806,-0.0743,-0.7565
30,"train","laying",-0.9764,-0.9542,-0.967,-0.9796,-0.9889,-0.9833,-0.9775,-0.971,-0.9795,-0.9737,-0.966,-0.9689,-0.9838,-0.9804,-0.9808,-0.9602,-0.9602,-0.9696,-0.9513,-0.9762,-0.977,-0.9536,-0.9672,-0.9804,-0.9724,-0.9823,-0.9745,-0.9651,-0.9722,-0.9641,-0.9681,-0.9526,-0.9755
30,"train","sitting",-0.9836,-0.9379,-0.9507,-0.9784,-0.9594,-0.9566,-0.9889,-0.9804,-0.9882,-0.9881,-0.9765,-0.9551,-0.9939,-0.9925,-0.9881,-0.9429,-0.9429,-0.9861,-0.9606,-0.9913,-0.9832,-0.934,-0.9462,-0.99,-0.9819,-0.989,-0.9885,-0.9738,-0.9573,-0.9435,-0.9853,-0.9595,-0.9909
30,"train","standing",-0.9776,-0.8917,-0.9129,-0.9964,-0.9581,-0.9492,-0.9684,-0.9573,-0.9689,-0.9114,-0.9407,-0.9308,-0.9601,-0.9681,-0.9708,-0.9166,-0.9166,-0.9508,-0.8872,-0.956,-0.9804,-0.8856,-0.9073,-0.9722,-0.9604,-0.974,-0.9117,-0.9395,-0.9352,-0.9217,-0.9466,-0.8889,-0.955
30,"train","walking",-0.3464,-0.1736,-0.1205,-0.9798,-0.9702,-0.944,-0.3744,-0.2707,-0.5214,-0.3879,0.006,-0.1826,-0.4603,-0.4976,-0.4762,-0.3599,-0.3599,-0.3538,-0.2668,-0.547,-0.3449,-0.2156,-0.0931,-0.4151,-0.2895,-0.5754,-0.399,0.0955,-0.2379,-0.4699,-0.3665,-0.3315,-0.5786
30,"train","walking downstairs",-0.0578,-0.0273,-0.2173,-0.9589,-0.9187,-0.8777,-0.2266,-0.1947,-0.4671,-0.2659,-0.2854,-0.2954,-0.5428,-0.6138,-0.4989,-0.0136,-0.0136,-0.1253,-0.2083,-0.6177,-0.0405,-0.0935,-0.2574,-0.2898,-0.2174,-0.5355,-0.2784,-0.2557,-0.3715,-0.1785,-0.1331,-0.2524,-0.6455
30,"train","walking upstairs",-0.3505,-0.1273,0.0249,-0.954,-0.9149,-0.8624,-0.5354,-0.5872,-0.7619,-0.4938,-0.084,-0.2116,-0.7427,-0.7433,-0.6652,-0.3274,-0.3274,-0.5618,-0.1693,-0.7744,-0.3263,-0.1043,0.1214,-0.5616,-0.6108,-0.7848,-0.5035,0.045,-0.2534,-0.3945,-0.5809,-0.1515,-0.7913
